0
0 0.651563 0.551562 0.65 0.553125 0.646875 0.553125 0.646875 0.554688 0.645312 0.55625 0.645312 0.565625 0.65625 0.565625 0.657812 0.567187 0.659375 0.565625 0.659375 0.551562
0 0.926562 0.625 0.925 0.626562 0.925 0.640625 0.926562 0.642187 0.940625 0.642187 0.942187 0.640625 0.942187 0.626562 0.940625 0.625
0 0.928125 0.135937 0.925 0.139062 0.925 0.153125 0.926562 0.153125 0.928125 0.154687 0.939062 0.154687 0.942187 0.151562 0.942187 0.139062 0.940625 0.1375 0.93125 0.1375 0.929688 0.135937
0 0.646875 0.475 0.64375 0.478125 0.64375 0.48125 0.645312 0.482812 0.645312 0.4875 0.64375 0.489062 0.645312 0.490625 0.645312 0.495313 0.646875 0.496875 0.646875 0.507812 0.65625 0.507812 0.657812 0.50625 0.657812 0.5 0.65625 0.498437 0.65625 0.496875 0.659375 0.49375 0.659375 0.490625 0.660937 0.489062 0.660937 0.484375 0.659375 0.482812 0.659375 0.476562 0.65 0.476562 0.648438 0.475
0 0.778125 0.925 0.775 0.928125 0.775 0.940625 0.776563 0.942187 0.790625 0.942187 0.792188 0.940625 0.792188 0.926562 0.790625 0.925
0 0.595312 0.59375 0.59375 0.595312 0.59375 0.603125 0.595312 0.604688 0.603125 0.604688 0.604688 0.603125 0.604688 0.595312 0.603125 0.59375
0 0.629687 0.651563 0.628125 0.653125 0.628125 0.657812 0.626562 0.659375 0.626562 0.6625 0.625 0.664062 0.625 0.678125 0.626562 0.679688 0.639063 0.679688 0.642187 0.676562 0.642187 0.664062 0.640625 0.6625 0.640625 0.651563
0 0.682813 0.6625 0.682813 0.664062 0.68125 0.665625 0.68125 0.676562 0.684375 0.679688 0.685938 0.678125 0.69375 0.678125 0.695312 0.676562 0.695312 0.665625 0.69375 0.664062 0.689062 0.664062 0.6875 0.6625
0 0.0265625 0.625 0.025 0.626562 0.025 0.640625 0.0265625 0.642187 0.040625 0.642187 0.0421875 0.640625 0.0421875 0.628125 0.0390625 0.625
0 0.909375 0.1375 0.907812 0.139062 0.907812 0.140625 0.90625 0.142188 0.90625 0.145313 0.909375 0.148438 0.9125 0.148438 0.914062 0.146875 0.921875 0.146875 0.921875 0.139062 0.910937 0.139062
0 0.759375 0.15625 0.75625 0.159375 0.75625 0.165625 0.757812 0.167187 0.770312 0.167187 0.773438 0.164062 0.773438 0.157813 0.771875 0.15625
0 0.814062 0.83125 0.814062 0.832812 0.8125 0.834375 0.8125 0.846875 0.814062 0.848437 0.828125 0.848437 0.829687 0.846875 0.829687 0.832812 0.828125 0.83125
0 0.420312 0.25 0.41875 0.251563 0.41875 0.265625 0.420312 0.267188 0.434375 0.267188 0.435937 0.265625 0.435937 0.251563 0.434375 0.25
0 0.714063 0.0984375 0.7125 0.1 0.709375 0.1 0.707812 0.101562 0.703125 0.101562 0.701563 0.103125 0.701563 0.109375 0.703125 0.110937 0.709375 0.110937 0.710938 0.109375 0.715625 0.109375 0.715625 0.101562 0.714063 0.1
0 0.909375 0.23125 0.90625 0.234375 0.907812 0.235938 0.907812 0.245312 0.909375 0.246875 0.921875 0.246875 0.921875 0.2375 0.923437 0.235938 0.923437 0.234375 0.920313 0.23125 0.91875 0.232812 0.910937 0.232812
0 0.570312 0.60625 0.56875 0.607813 0.56875 0.621875 0.570312 0.623438 0.584375 0.623438 0.585938 0.621875 0.585938 0.607813 0.584375 0.60625
0 0.225 0.55 0.223438 0.551562 0.214062 0.551562 0.214062 0.564062 0.2125 0.565625 0.2125 0.584375 0.214062 0.585938 0.228125 0.585938 0.228125 0.584375 0.229687 0.582812 0.229687 0.553125 0.226562 0.55
0 0.926562 0.701563 0.926562 0.715625 0.928125 0.717188 0.929688 0.715625 0.940625 0.715625 0.940625 0.701563
0 0.476562 0.1375 0.476562 0.139062 0.475 0.140625 0.475 0.151562 0.478125 0.154687 0.4875 0.154687 0.489062 0.153125 0.490625 0.153125 0.490625 0.151562 0.492188 0.15 0.492188 0.140625 0.490625 0.139062 0.490625 0.1375
0 0.890625 0.814062 0.889063 0.815625 0.889063 0.826563 0.890625 0.828125 0.901563 0.828125 0.903125 0.826563 0.903125 0.823438 0.901563 0.821875 0.901563 0.81875 0.903125 0.817187 0.903125 0.815625 0.898438 0.815625 0.896875 0.817187 0.895312 0.815625 0.892187 0.815625
0 0.821875 0.182812 0.820312 0.184375 0.820312 0.189063 0.821875 0.190625 0.826563 0.190625 0.828125 0.189063 0.828125 0.184375 0.826563 0.182812
0 0.270312 0.1 0.26875 0.101562 0.26875 0.115625 0.270312 0.117188 0.28125 0.117188 0.282813 0.115625 0.284375 0.115625 0.284375 0.1125 0.285937 0.110937 0.285937 0.103125 0.282813 0.1
0 0.120312 0.5875 0.11875 0.589063 0.11875 0.595312 0.121875 0.598437 0.128125 0.598437 0.129688 0.596875 0.129688 0.589063 0.128125 0.5875
0 0.476562 0.5875 0.475 0.589063 0.475 0.603125 0.476562 0.604688 0.490625 0.604688 0.492188 0.603125 0.492188 0.589063 0.490625 0.5875
0 0.382812 0.1375 0.38125 0.139062 0.38125 0.153125 0.382812 0.154687 0.396875 0.154687 0.398438 0.153125 0.398438 0.139062 0.396875 0.1375
0 0.576563 0.407813 0.575 0.409375 0.571875 0.409375 0.571875 0.415625 0.570312 0.417188 0.570312 0.434375 0.576563 0.434375 0.578125 0.432813 0.582812 0.432813 0.582812 0.423438 0.579687 0.420312 0.578125 0.420312 0.571875 0.414062 0.573438 0.4125 0.579687 0.4125 0.582812 0.415625 0.582812 0.4125 0.584375 0.410937 0.584375 0.409375 0.582812 0.407813
0 0.814062 0.420312 0.814062 0.434375 0.821875 0.434375 0.821875 0.420312
0 0.251563 0.68125 0.25 0.682813 0.25 0.696875 0.251563 0.698438 0.265625 0.698438 0.267188 0.696875 0.267188 0.684375 0.264062 0.68125
0 0.889063 0.23125 0.8875 0.232812 0.8875 0.246875 0.889063 0.248437 0.901563 0.248437 0.904688 0.245312 0.904688 0.234375 0.901563 0.23125
0 0.0875 0.084375 0.0875 0.0859375 0.0890625 0.0875 0.0890625 0.090625 0.084375 0.0953125 0.084375 0.096875 0.0828125 0.0984375 0.0828125 0.1 0.08125 0.101562 0.08125 0.1125 0.0828125 0.114063 0.0828125 0.115625 0.090625 0.115625 0.090625 0.1125 0.0921875 0.110937 0.0921875 0.101562 0.090625 0.1 0.090625 0.09375 0.0890625 0.0921875 0.0890625 0.084375
0 0.907812 0.814062 0.907812 0.83125 0.909375 0.832812 0.909375 0.834375 0.907812 0.835938 0.907812 0.845312 0.910937 0.845312 0.910937 0.842188 0.9125 0.840625 0.9125 0.8375 0.910937 0.835938 0.910937 0.834375 0.914062 0.83125 0.920313 0.83125 0.921875 0.829687 0.921875 0.814062
0 0.551562 0.00625 0.55 0.0078125 0.55 0.021875 0.551562 0.0234375 0.564062 0.0234375 0.567187 0.0203125 0.567187 0.009375 0.564062 0.00625
0
0 0.521875 0.832812 0.520312 0.834375 0.51875 0.834375 0.517187 0.835938 0.515625 0.835938 0.514063 0.8375 0.514063 0.846875 0.515625 0.848437 0.526563 0.848437 0.529688 0.845312 0.529688 0.842188 0.528125 0.840625 0.528125 0.832812
0 0.121875 0.49375 0.120312 0.495313 0.120312 0.509375 0.121875 0.510938 0.126563 0.510938 0.129688 0.507812 0.129688 0.496875 0.126563 0.49375
0 0.553125 0.325 0.55 0.328125 0.55 0.340625 0.551562 0.342187 0.564062 0.342187 0.567187 0.339063 0.567187 0.335938 0.565625 0.334375 0.567187 0.332812 0.567187 0.328125 0.564062 0.325
0 0.757812 0.3625 0.75625 0.364062 0.75625 0.376563 0.759375 0.379687 0.771875 0.379687 0.773438 0.378125 0.773438 0.364062 0.771875 0.3625
0 0.403125 0.846875 0.401563 0.848437 0.401563 0.85 0.4 0.851562 0.4 0.865625 0.401563 0.867188 0.407813 0.867188 0.409375 0.865625 0.415625 0.865625 0.415625 0.851562 0.414062 0.85 0.414062 0.848437 0.409375 0.848437 0.407813 0.846875
0 0.689062 0.0890625 0.689062 0.09375 0.6875 0.0953125 0.689062 0.096875 0.695312 0.096875 0.696875 0.0953125 0.696875 0.0890625
0 0.251563 0.475 0.251563 0.476562 0.25 0.478125 0.25 0.489062 0.253125 0.492188 0.25625 0.492188 0.257812 0.490625 0.265625 0.490625 0.265625 0.475
0 0.157813 0.64375 0.15625 0.645312 0.15625 0.660937 0.157813 0.6625 0.157813 0.664062 0.159375 0.665625 0.159375 0.671875 0.157813 0.673437 0.157813 0.676562 0.159375 0.678125 0.170312 0.678125 0.171875 0.676562 0.171875 0.675 0.170312 0.673437 0.170312 0.667188 0.171875 0.665625 0.171875 0.6625 0.173438 0.660937 0.173438 0.645312 0.171875 0.64375
0 0.9875 0.795313 0.985937 0.796875 0.984375 0.796875 0.984375 0.798437 0.982813 0.8 0.982813 0.809375 0.9875 0.809375 0.989062 0.810938 0.992188 0.807813 0.990625 0.80625 0.990625 0.796875 0.989062 0.795313
0 0.701563 0.23125 0.701563 0.232812 0.7 0.234375 0.7 0.245312 0.701563 0.246875 0.715625 0.246875 0.715625 0.232812 0.714063 0.23125
0 0.423438 0.665625 0.421875 0.667188 0.421875 0.678125 0.420312 0.679688 0.420312 0.68125 0.41875 0.682813 0.41875 0.696875 0.420312 0.698438 0.428125 0.698438 0.429688 0.696875 0.429688 0.68125 0.428125 0.679688 0.428125 0.665625
0 0.864062 0.551562 0.864062 0.565625 0.865625 0.565625 0.865625 0.554688 0.867188 0.553125 0.865625 0.551562
0 0.501562 0.3625 0.5 0.364062 0.5 0.376563 0.501562 0.378125 0.501562 0.379687 0.509375 0.379687 0.509375 0.378125 0.510938 0.376563 0.510938 0.364062 0.509375 0.3625
0 0.515625 0.196875 0.515625 0.201562 0.514063 0.203125 0.514063 0.209375 0.528125 0.209375 0.528125 0.2 0.526563 0.198437 0.523438 0.198437 0.521875 0.2 0.520312 0.2 0.517187 0.196875
0 0.667188 0.885938 0.665625 0.8875 0.664062 0.8875 0.6625 0.889063 0.6625 0.903125 0.664062 0.904688 0.676562 0.904688 0.679688 0.901563 0.679688 0.9 0.678125 0.898438 0.678125 0.892187 0.679688 0.890625 0.678125 0.889063 0.678125 0.8875 0.676562 0.885938
0 0.0828125 0.64375 0.0828125 0.645312 0.08125 0.646875 0.08125 0.659375 0.0828125 0.660937 0.0828125 0.670313 0.084375 0.671875 0.0890625 0.671875 0.090625 0.670313 0.090625 0.6625 0.0921875 0.660937 0.0921875 0.645312 0.090625 0.64375
0 0.48125 0.607813 0.479688 0.609375 0.478125 0.609375 0.478125 0.6125 0.476562 0.614062 0.476562 0.620313 0.478125 0.621875 0.484375 0.621875 0.484375 0.607813
0 0.6875 0.90625 0.685938 0.907812 0.684375 0.907812 0.682813 0.909375 0.682813 0.9125 0.68125 0.914062 0.68125 0.921875 0.682813 0.923437 0.690625 0.923437 0.692187 0.921875 0.692187 0.909375 0.690625 0.907812 0.690625 0.90625
0 0.232812 0.11875 0.23125 0.120312 0.23125 0.134375 0.232812 0.135937 0.245312 0.135937 0.248437 0.132812 0.248437 0.120312 0.246875 0.11875
0 0.495313 0.71875 0.49375 0.720312 0.49375 0.734375 0.495313 0.735937 0.509375 0.735937 0.510938 0.734375 0.510938 0.720312 0.509375 0.71875
0 0.839063 0.25 0.8375 0.251563 0.8375 0.265625 0.839063 0.267188 0.845312 0.267188 0.848437 0.264062 0.848437 0.253125 0.845312 0.25
0
0 0.301562 0.0046875 0.3 0.00625 0.290625 0.00625 0.2875 0.009375 0.289062 0.0109375 0.289062 0.021875 0.290625 0.0234375 0.301562 0.0234375 0.303125 0.021875 0.303125 0.0171875 0.304688 0.015625 0.304688 0.009375 0.303125 0.0078125 0.303125 0.00625
0 0.401563 0.75625 0.4 0.757812 0.4 0.771875 0.403125 0.775 0.40625 0.775 0.407813 0.773438 0.415625 0.773438 0.417188 0.771875 0.417188 0.759375 0.415625 0.757812 0.415625 0.75625
0 0.101562 0.56875 0.1 0.570312 0.1 0.584375 0.101562 0.585938 0.115625 0.585938 0.117188 0.584375 0.117188 0.570312 0.115625 0.56875
0 0.682813 0.94375 0.68125 0.945312 0.68125 0.959375 0.684375 0.9625 0.6875 0.9625 0.689062 0.960938 0.696875 0.960938 0.698438 0.959375 0.698438 0.945312 0.696875 0.94375
0 0.314063 0.0078125 0.314063 0.021875 0.321875 0.021875 0.321875 0.0078125
0 0.970312 0.0125 0.96875 0.0140625 0.96875 0.021875 0.970312 0.0234375 0.976562 0.0234375 0.978125 0.021875 0.978125 0.0140625 0.976562 0.0140625 0.975 0.0125
0 0.401563 0.325 0.4 0.326562 0.4 0.340625 0.401563 0.342187 0.415625 0.342187 0.417188 0.340625 0.417188 0.326562 0.415625 0.325
0 0.701563 0.475 0.7 0.476562 0.7 0.490625 0.701563 0.492188 0.715625 0.492188 0.717188 0.490625 0.717188 0.476562 0.715625 0.475
0 0.965625 0.373437 0.965625 0.376563 0.967188 0.376563 0.965625 0.375
0 0.521875 0.51875 0.51875 0.521875 0.51875 0.526563 0.521875 0.529688 0.523438 0.529688 0.525 0.528125 0.526563 0.528125 0.528125 0.526563 0.528125 0.521875 0.526563 0.520312 0.523438 0.520312
0 0.328125 0.773438 0.325 0.776563 0.325 0.790625 0.326562 0.792188 0.340625 0.792188 0.342187 0.790625 0.342187 0.776563 0.339063 0.773438 0.334375 0.773438 0.332812 0.775 0.33125 0.775 0.329688 0.773438
0 0.701563 0.75625 0.7 0.757812 0.7 0.770312 0.703125 0.773438 0.715625 0.773438 0.715625 0.771875 0.717188 0.770312 0.717188 0.759375 0.714063 0.75625
0 0.084375 0.85 0.0828125 0.851562 0.0828125 0.876562 0.08125 0.878125 0.08125 0.882812 0.084375 0.885938 0.0859375 0.885938 0.0875 0.884375 0.090625 0.884375 0.090625 0.851562 0.0859375 0.851562
0 0.0453125 0.7 0.04375 0.701563 0.04375 0.715625 0.0453125 0.717188 0.059375 0.717188 0.0609375 0.715625 0.0609375 0.703125 0.0578125 0.7
0 0.553125 0.1 0.55 0.103125 0.55 0.114063 0.553125 0.117188 0.564062 0.117188 0.567187 0.114063 0.567187 0.103125 0.564062 0.1
0 0.992188 0.11875 0.990625 0.120312 0.982813 0.120312 0.982813 0.134375 0.990625 0.134375 0.992188 0.135937 0.998438 0.135937 0.998438 0.11875
0 0.214062 0.23125 0.2125 0.232812 0.2125 0.245312 0.215625 0.248437 0.226562 0.248437 0.229687 0.245312 0.229687 0.234375 0.226562 0.23125
0 0.803125 0.204688 0.803125 0.20625 0.801562 0.207813 0.803125 0.209375
0 0.596875 0.746875 0.596875 0.75 0.595312 0.751562 0.596875 0.753125 0.598437 0.751562 0.601562 0.751562
0
0 0.628125 0.75625 0.625 0.759375 0.625 0.771875 0.626562 0.773438 0.634375 0.773438 0.635938 0.771875 0.635938 0.757812 0.634375 0.75625
0 0.179688 0.4 0.178125 0.401563 0.176563 0.401563 0.176563 0.404687 0.175 0.40625 0.175 0.414062 0.178125 0.417188 0.184375 0.417188 0.184375 0.415625 0.185937 0.414062 0.185937 0.401563 0.184375 0.4
0 0.664062 0.49375 0.6625 0.495313 0.6625 0.509375 0.664062 0.510938 0.678125 0.510938 0.679688 0.509375 0.679688 0.495313 0.678125 0.49375
0 0.721875 0.028125 0.721875 0.03125 0.720312 0.0328125 0.721875 0.034375 0.728125 0.034375 0.728125 0.028125
0 0.889063 0.364062 0.889063 0.367188 0.8875 0.36875 0.8875 0.370313 0.890625 0.373437 0.892187 0.371875 0.901563 0.371875 0.903125 0.370313 0.903125 0.364062
0 0.945312 0.26875 0.94375 0.270312 0.94375 0.278125 0.945312 0.279687 0.959375 0.279687 0.960938 0.278125 0.960938 0.270312 0.959375 0.26875
0 0.859375 0.867188 0.85625 0.870313 0.85625 0.884375 0.857813 0.885938 0.865625 0.885938 0.867188 0.884375 0.867188 0.870313 0.865625 0.86875 0.860937 0.86875
0 0.796875 0.401563 0.795313 0.403125 0.795313 0.417188 0.807813 0.417188 0.809375 0.415625 0.809375 0.403125 0.807813 0.401563
0 0.859375 0.8875 0.857813 0.889063 0.851562 0.889063 0.851562 0.903125 0.85625 0.903125 0.857813 0.904688 0.864062 0.904688 0.867188 0.901563 0.867188 0.890625 0.864062 0.8875
0 0.214062 0.00625 0.2125 0.0078125 0.2125 0.021875 0.214062 0.0234375 0.226562 0.0234375 0.229687 0.0203125 0.229687 0.0078125 0.228125 0.00625
0 0.065625 0.41875 0.0625 0.421875 0.0625 0.434375 0.0640625 0.435937 0.0640625 0.453125 0.078125 0.453125 0.078125 0.4375 0.0796875 0.435937 0.0796875 0.420312 0.078125 0.41875
0 0.353125 0.6625 0.35 0.665625 0.35 0.676562 0.353125 0.679688 0.357812 0.679688 0.360938 0.676562 0.360938 0.665625 0.357812 0.6625
0 0.121875 0.192188 0.11875 0.195312 0.11875 0.207813 0.121875 0.210938 0.126563 0.210938 0.129688 0.207813 0.129688 0.195312 0.128125 0.19375 0.128125 0.192188
0 0.0515625 0.426562 0.0515625 0.432813 0.053125 0.434375 0.0578125 0.434375 0.059375 0.432813 0.059375 0.428125 0.0578125 0.426562
0 0.289062 0.49375 0.2875 0.495313 0.2875 0.509375 0.289062 0.510938 0.296875 0.510938 0.298438 0.509375 0.298438 0.495313 0.296875 0.49375
0 0.428125 0.23125 0.425 0.234375 0.425 0.245312 0.428125 0.248437 0.432813 0.248437 0.435937 0.245312 0.435937 0.234375 0.432813 0.23125
0 0.515625 0.49375 0.5125 0.496875 0.5125 0.509375 0.514063 0.510938 0.521875 0.510938 0.523438 0.509375 0.523438 0.495313 0.521875 0.49375
0
0 0.896875 0.475 0.89375 0.478125 0.89375 0.489062 0.896875 0.492188 0.898438 0.490625 0.901563 0.490625 0.903125 0.489062 0.903125 0.476562 0.898438 0.476562
0 0.478125 0.15625 0.475 0.159375 0.475 0.170312 0.478125 0.173438 0.489062 0.173438 0.492188 0.170312 0.492188 0.157813 0.490625 0.15625
0 0.720312 0.49375 0.71875 0.495313 0.71875 0.509375 0.720312 0.510938 0.734375 0.510938 0.735937 0.509375 0.735937 0.495313 0.734375 0.49375
0 0.990625 0.473437 0.9875 0.476562 0.9875 0.490625 0.989062 0.492188 0.998438 0.492188 0.998438 0.475 0.996875 0.475 0.995313 0.473437
0 0.839063 0.40625 0.8375 0.407813 0.8375 0.414062 0.839063 0.415625 0.839063 0.41875 0.845312 0.41875 0.846875 0.417188 0.846875 0.410937 0.848437 0.409375 0.845312 0.40625
0 0.540625 0.51875 0.5375 0.521875 0.539062 0.523438 0.539062 0.53125 0.540625 0.532812 0.540625 0.545313 0.540625 0.532812 0.546875 0.526563 0.546875 0.520312 0.545313 0.520312 0.54375 0.51875
0 0.782812 0.325 0.78125 0.326562 0.78125 0.340625 0.782812 0.342187 0.789062 0.342187 0.792188 0.339063 0.792188 0.326562 0.790625 0.325
0 0.964063 0.589063 0.964063 0.603125 0.976562 0.603125 0.978125 0.601562 0.978125 0.589063
0 0.346875 0.1375 0.34375 0.140625 0.34375 0.151562 0.345313 0.153125 0.345313 0.154687 0.357812 0.154687 0.360938 0.151562 0.360938 0.15 0.359375 0.148438 0.359375 0.145313 0.360938 0.14375 0.360938 0.140625 0.357812 0.1375
0 0.501562 0.932813 0.5 0.934375 0.5 0.939062 0.501562 0.940625 0.507812 0.940625 0.509375 0.939062 0.509375 0.934375 0.507812 0.932813
0
0 0.646875 0.34375 0.64375 0.346875 0.64375 0.357812 0.646875 0.360938 0.659375 0.360938 0.660937 0.359375 0.660937 0.345313 0.659375 0.34375
0 0.103125 0.0625 0.1 0.065625 0.1 0.0765625 0.101562 0.078125 0.101562 0.0796875 0.10625 0.0796875 0.107813 0.078125 0.115625 0.078125 0.115625 0.0640625 0.10625 0.0640625 0.104687 0.0625
0 0.596875 0.009375 0.595312 0.0109375 0.595312 0.0140625 0.596875 0.015625 0.601562 0.015625 0.603125 0.0140625 0.601562 0.0125 0.601562 0.009375
0 0.464063 0.0625 0.4625 0.0640625 0.457812 0.0640625 0.457812 0.071875 0.459375 0.0734375 0.465625 0.0734375 0.467187 0.071875 0.467187 0.065625
0 0.345313 0.307813 0.345313 0.325 0.34375 0.326562 0.34375 0.339063 0.345313 0.340625 0.345313 0.342187 0.359375 0.342187 0.359375 0.340625 0.360938 0.339063 0.360938 0.309375 0.359375 0.307813
0 0.578125 0.854688 0.578125 0.85625 0.576563 0.857813 0.576563 0.864062 0.578125 0.865625 0.582812 0.865625 0.584375 0.864062 0.584375 0.857813 0.582812 0.85625 0.582812 0.854688
0 0.671875 0.08125 0.66875 0.084375 0.66875 0.0953125 0.671875 0.0984375 0.675 0.0984375 0.676562 0.096875 0.678125 0.096875 0.678125 0.0953125 0.679688 0.09375 0.679688 0.084375 0.676562 0.08125
0 0.984375 0.889063 0.982813 0.890625 0.982813 0.9 0.984375 0.901563 0.984375 0.903125 0.982813 0.904688 0.982813 0.915625 0.98125 0.917188 0.98125 0.920313 0.984375 0.923437 0.998438 0.923437 0.998438 0.889063
0 0.365625 0.60625 0.3625 0.609375 0.3625 0.620313 0.365625 0.623438 0.371875 0.623438 0.373437 0.621875 0.373437 0.609375 0.370313 0.60625
0 0.882812 0.03125 0.882812 0.0390625
0 0.345313 0.5125 0.34375 0.514063 0.34375 0.528125 0.345313 0.529688 0.359375 0.529688 0.360938 0.528125 0.360938 0.514063 0.359375 0.5125
0 0.964063 0.0453125 0.964063 0.0578125 0.965625 0.059375 0.978125 0.059375 0.978125 0.046875 0.976562 0.0453125
0 0.046875 0.460938 0.0453125 0.4625 0.0453125 0.465625 0.053125 0.465625 0.053125 0.4625 0.0515625 0.460938
0 0.814062 0.664062 0.814062 0.68125 0.8125 0.682813 0.8125 0.695312 0.815625 0.698438 0.817187 0.696875 0.828125 0.696875 0.828125 0.664062
0
0 0.384375 0.8875 0.38125 0.890625 0.38125 0.892187 0.382812 0.89375 0.382812 0.921875 0.396875 0.921875 0.396875 0.904688 0.398438 0.903125 0.398438 0.890625 0.395312 0.8875
0 0.403125 0.025 0.4 0.028125 0.4 0.0375 0.401563 0.0390625 0.401563 0.040625 0.403125 0.040625 0.404687 0.0421875 0.409375 0.0421875 0.410937 0.040625 0.415625 0.040625 0.415625 0.0265625 0.407813 0.0265625 0.40625 0.025
0 0.526563 0.796875 0.526563 0.809375 0.523438 0.8125 0.515625 0.8125 0.514063 0.814062 0.514063 0.828125 0.526563 0.828125 0.528125 0.826563 0.528125 0.801562 0.526563 0.8
0 0.664062 0.364062 0.664062 0.371875 0.671875 0.371875 0.671875 0.370313 0.667188 0.365625 0.667188 0.364062
0 0.726562 0.8125 0.725 0.814062 0.725 0.826563 0.728125 0.829687 0.732813 0.829687 0.734375 0.828125 0.734375 0.825 0.735937 0.823438 0.735937 0.815625 0.732813 0.8125
0 0.478125 0.38125 0.475 0.384375 0.475 0.395312 0.478125 0.398438 0.489062 0.398438 0.492188 0.395312 0.492188 0.384375 0.489062 0.38125
0
0 0.295312 0.929688 0.29375 0.93125 0.29375 0.934375 0.292188 0.935938 0.292188 0.939062 0.29375 0.939062 0.295312 0.940625 0.296875 0.939062 0.296875 0.93125
0 0.204688 0.585938 0.203125 0.5875 0.195312 0.5875 0.195312 0.589063 0.19375 0.590625 0.195312 0.592188 0.195312 0.603125 0.2 0.603125 0.201562 0.604688 0.203125 0.604688 0.204688 0.603125 0.209375 0.603125 0.209375 0.585938
0 0.589063 0.1 0.5875 0.101562 0.5875 0.115625 0.589063 0.117188 0.601562 0.117188 0.604688 0.114063 0.604688 0.101562 0.603125 0.1
0 0.839063 0.101562 0.839063 0.103125
0 0.703125 0.5875 0.701563 0.589063 0.701563 0.603125 0.709375 0.603125 0.710938 0.604688 0.714063 0.604688 0.717188 0.601562 0.717188 0.590625 0.714063 0.5875
0 0.521875 0.309375 0.520312 0.310937 0.520312 0.320312 0.523438 0.320312 0.525 0.31875 0.525 0.317187 0.526563 0.315625 0.526563 0.310937 0.525 0.309375
0 0.957812 0.7 0.95625 0.701563 0.945312 0.701563 0.945312 0.714063 0.946875 0.715625 0.951563 0.715625 0.953125 0.717188 0.957812 0.717188 0.960938 0.714063 0.960938 0.703125
0 0.0640625 0.803125 0.0640625 0.807813 0.065625 0.807813 0.065625 0.803125
0 0.926562 0.475 0.925 0.476562 0.925 0.490625 0.926562 0.492188 0.940625 0.492188 0.942187 0.490625 0.942187 0.476562 0.940625 0.475
0 0.307813 0.382812 0.307813 0.395312 0.309375 0.396875 0.321875 0.396875 0.321875 0.382812
0 0.234375 0.7625 0.23125 0.765625 0.23125 0.767187 0.232812 0.76875 0.232812 0.7875 0.23125 0.789062 0.232812 0.790625 0.2375 0.790625 0.239063 0.789062 0.240625 0.789062 0.240625 0.7875 0.242188 0.785937 0.242188 0.784375 0.245312 0.78125 0.245312 0.778125 0.246875 0.776563 0.246875 0.767187 0.248437 0.765625 0.245312 0.7625
0 0.140625 0.7375 0.1375 0.740625 0.1375 0.753125 0.139062 0.754687 0.139062 0.757812 0.140625 0.759375 0.140625 0.770312 0.142188 0.770312 0.142188 0.767187 0.140625 0.765625 0.140625 0.764063 0.14375 0.760938 0.14375 0.759375 0.145313 0.757812 0.146875 0.757812 0.15 0.760938 0.15 0.7625 0.151562 0.764063 0.151562 0.759375 0.153125 0.757812 0.153125 0.754687 0.154687 0.753125 0.154687 0.740625 0.151562 0.7375
0 0.309375 0.25 0.30625 0.253125 0.30625 0.267188 0.307813 0.26875 0.307813 0.284375 0.321875 0.284375 0.321875 0.26875 0.323438 0.267188 0.323438 0.251563 0.321875 0.25
0 0.06875 0.857813 0.0671875 0.859375 0.065625 0.859375 0.065625 0.860937 0.0671875 0.8625 0.0703125 0.8625 0.0765625 0.86875 0.0765625 0.867188 0.078125 0.865625 0.078125 0.859375 0.0765625 0.857813
0 0.0515625 0.345313 0.05 0.346875 0.0484375 0.346875 0.0484375 0.354688 0.05 0.35625 0.05 0.357812 0.0515625 0.359375 0.053125 0.357812 0.053125 0.346875
0 0.273438 0.607813 0.271875 0.609375 0.271875 0.6125 0.270312 0.614062 0.271875 0.615625 0.275 0.615625 0.276563 0.617188 0.279687 0.614062 0.279687 0.609375 0.278125 0.607813
0
0 0.232812 0.2125 0.23125 0.214062 0.23125 0.228125 0.232812 0.229687 0.232812 0.232812 0.234375 0.234375 0.234375 0.239063 0.232812 0.240625 0.232812 0.246875 0.235938 0.246875 0.2375 0.245312 0.2375 0.24375 0.235938 0.242188 0.235938 0.234375 0.239063 0.23125 0.246875 0.23125 0.246875 0.229687 0.248437 0.228125 0.248437 0.214062 0.246875 0.2125
0 0.420312 0.8375 0.41875 0.839063 0.41875 0.846875 0.421875 0.85 0.423438 0.848437 0.434375 0.848437 0.434375 0.846875 0.435937 0.845312 0.435937 0.839063 0.434375 0.8375
0 0.140625 0.93125 0.1375 0.934375 0.1375 0.959375 0.139062 0.960938 0.153125 0.960938 0.153125 0.959375 0.154687 0.957812 0.154687 0.932813 0.153125 0.93125
0 0.196875 0.40625 0.195312 0.407813 0.195312 0.414062 0.196875 0.415625 0.2 0.415625 0.201562 0.414062 0.204688 0.414062 0.204688 0.410937 0.201562 0.407813 0.2 0.407813 0.198437 0.40625
0
0 0.145313 0.49375 0.14375 0.495313 0.139062 0.495313 0.139062 0.515625 0.1375 0.517187 0.1375 0.520312 0.140625 0.523438 0.145313 0.523438 0.148438 0.520312 0.148438 0.496875
0 0.0359375 0.548437 0.034375 0.55 0.0265625 0.55 0.0265625 0.56875 0.028125 0.570312 0.0296875 0.570312 0.03125 0.56875 0.0390625 0.56875 0.040625 0.567187 0.040625 0.565625 0.0421875 0.564062 0.0421875 0.55625 0.040625 0.554688 0.040625 0.55 0.0390625 0.548437
0 0.646875 0.176563 0.645312 0.178125 0.645312 0.189063 0.646875 0.190625 0.65 0.190625 0.651563 0.189063 0.653125 0.190625 0.657812 0.190625 0.659375 0.189063 0.659375 0.178125 0.657812 0.176563
0
0 0.909375 0.45625 0.90625 0.459375 0.90625 0.470313 0.907812 0.471875 0.907812 0.473437 0.920313 0.473437 0.923437 0.470313 0.923437 0.459375 0.920313 0.45625
0 0.571875 0.214062 0.570312 0.215625 0.570312 0.226562 0.571875 0.228125 0.584375 0.228125 0.584375 0.214062
0 0.832812 0.776563 0.832812 0.784375 0.840625 0.784375 0.840625 0.778125 0.839063 0.776563
0 0.371875 0.41875 0.36875 0.421875 0.36875 0.432813 0.370313 0.434375 0.376563 0.434375 0.378125 0.432813 0.378125 0.429688 0.379687 0.428125 0.379687 0.421875 0.376563 0.41875
0
0 0.371875 0.14375 0.36875 0.146875 0.36875 0.151562 0.371875 0.154687 0.373437 0.153125 0.376563 0.153125 0.378125 0.151562 0.378125 0.145313 0.376563 0.145313 0.375 0.14375
0
0 0.178125 0.659375 0.176563 0.660937 0.176563 0.6625 0.175 0.664062 0.175 0.678125 0.176563 0.679688 0.184375 0.679688 0.185937 0.678125 0.185937 0.664062 0.184375 0.6625 0.184375 0.660937 0.18125 0.660937 0.179688 0.659375
0 0.920313 0.90625 0.91875 0.907812 0.917188 0.907812 0.915625 0.909375 0.915625 0.920313 0.920313 0.920313
0
0
0 0.43125 0.75625 0.429688 0.757812 0.420312 0.757812 0.420312 0.771875 0.421875 0.773438 0.421875 0.775 0.423438 0.775 0.426562 0.778125 0.421875 0.782812 0.423438 0.782812 0.425 0.784375 0.429688 0.784375 0.43125 0.782812 0.432813 0.782812 0.43125 0.78125 0.43125 0.779688 0.429688 0.778125 0.43125 0.776563 0.432813 0.776563 0.434375 0.775 0.434375 0.75625
0 0.353125 0.990625
0
0 0.595312 0.739062 0.595312 0.753125 0.603125 0.753125 0.603125 0.739062
0 0.948438 0.71875 0.946875 0.720312 0.945312 0.720312 0.945312 0.723437 0.94375 0.725 0.94375 0.732813 0.946875 0.735937 0.959375 0.735937 0.960938 0.734375 0.960938 0.721875 0.959375 0.720312 0.959375 0.71875
0
0 0.407813 0.476562 0.407813 0.489062 0.409375 0.490625 0.410937 0.490625 0.4125 0.489062 0.414062 0.489062 0.414062 0.479688 0.415625 0.478125 0.414062 0.476562
0 0.778125 0.34375 0.775 0.346875 0.775 0.351562 0.778125 0.354688 0.789062 0.354688 0.792188 0.351562 0.792188 0.346875 0.789062 0.34375
0 0.671875 0.3125 0.66875 0.315625 0.66875 0.320312 0.670313 0.321875 0.676562 0.321875 0.678125 0.320312 0.678125 0.314063 0.676562 0.314063 0.675 0.3125
0
0 0.590625 0.626562 0.589063 0.628125 0.589063 0.640625 0.603125 0.640625 0.603125 0.635938 0.601562 0.634375 0.601562 0.629687 0.603125 0.628125 0.601562 0.626562 0.6 0.628125 0.598437 0.628125 0.598437 0.63125 0.596875 0.632812 0.595312 0.632812 0.59375 0.63125 0.59375 0.628125 0.592188 0.628125
0 0.389062 0.576563 0.389062 0.582812 0.390625 0.584375 0.392188 0.582812 0.392188 0.578125 0.390625 0.576563
0 0.329688 0.870313 0.328125 0.871875 0.328125 0.873438 0.326562 0.875 0.326562 0.876562 0.328125 0.878125 0.33125 0.878125 0.332812 0.879687 0.335938 0.876562 0.335938 0.873438 0.334375 0.871875 0.334375 0.870313
0 0.926562 0.26875 0.925 0.270312 0.925 0.284375 0.926562 0.285937 0.940625 0.285937 0.942187 0.284375 0.942187 0.270312 0.940625 0.26875
0
0 0.103125 0.19375 0.1 0.196875 0.1 0.207813 0.103125 0.210938 0.109375 0.210938 0.110937 0.209375 0.110937 0.195312 0.109375 0.19375
0 0.521875 0.65 0.520312 0.651563 0.520312 0.65625 0.521875 0.657812 0.521875 0.659375 0.520312 0.660937 0.520312 0.6625 0.51875 0.664062 0.51875 0.678125 0.520312 0.679688 0.520312 0.696875 0.526563 0.696875 0.526563 0.682813 0.528125 0.68125 0.528125 0.679688 0.529688 0.678125 0.529688 0.664062 0.528125 0.6625 0.528125 0.660937 0.526563 0.659375 0.526563 0.657812 0.528125 0.65625 0.528125 0.651563 0.526563 0.65
0 0.195312 0.3625 0.19375 0.364062 0.19375 0.375 0.195312 0.376563 0.195312 0.384375 0.196875 0.385938 0.196875 0.389062 0.198437 0.390625 0.209375 0.390625 0.209375 0.376563 0.210938 0.375 0.210938 0.367188 0.209375 0.365625 0.209375 0.364062 0.207813 0.3625
0
0
0 0.965625 0.196875 0.965625 0.207813 0.976562 0.207813 0.976562 0.196875
0
0 0.234375 0.9625 0.232812 0.964063 0.232812 0.98125 0.23125 0.982813 0.23125 0.998438 0.242188 0.998438 0.242188 0.965625 0.240625 0.964063 0.240625 0.9625
0
0
0 0.157813 0.7375 0.15625 0.739062 0.15625 0.754687 0.157813 0.75625 0.157813 0.757812 0.159375 0.759375 0.159375 0.760938 0.157813 0.7625 0.157813 0.770312 0.159375 0.770312 0.159375 0.759375 0.1625 0.75625 0.170312 0.75625 0.173438 0.753125 0.173438 0.739062 0.171875 0.7375
0
0 0.389062 0.576563 0.389062 0.6 0.390625 0.601562 0.39375 0.601562 0.39375 0.59375 0.392188 0.592188 0.392188 0.589063 0.395312 0.585938 0.395312 0.582812 0.396875 0.58125 0.396875 0.578125 0.395312 0.576563
0 0.759375 0.5875 0.75625 0.590625 0.75625 0.603125 0.757812 0.604688 0.771875 0.604688 0.771875 0.603125 0.773438 0.601562 0.773438 0.590625 0.770312 0.5875
0 0.421875 0.0453125 0.420312 0.046875 0.420312 0.0515625 0.421875 0.053125 0.434375 0.053125 0.434375 0.0453125
0
0 0.309375 0.3625 0.30625 0.365625 0.30625 0.376563 0.307813 0.378125 0.307813 0.379687 0.321875 0.379687 0.321875 0.378125 0.323438 0.376563 0.323438 0.365625 0.320312 0.3625
0 0.876562 0.345313 0.876562 0.360938 0.875 0.3625 0.875 0.370313 0.878125 0.373437 0.879687 0.373437 0.88125 0.371875 0.884375 0.371875 0.884375 0.346875 0.882812 0.345313
0 0.426562 0.651563 0.426562 0.659375 0.432813 0.659375 0.434375 0.657812 0.434375 0.653125 0.432813 0.651563
0 0.557813 0.989062 0.55625 0.990625 0.55625 0.992188 0.557813 0.99375 0.557813 0.998438 0.559375 0.998438 0.559375 0.99375 0.560938 0.992188 0.560938 0.990625 0.559375 0.989062
0 0.196875 0.3625 0.19375 0.365625 0.19375 0.370313 0.195312 0.371875 0.195312 0.38125 0.196875 0.382812 0.196875 0.396875 0.198437 0.395312 0.203125 0.395312 0.204688 0.396875 0.209375 0.396875 0.209375 0.378125 0.210938 0.376563 0.210938 0.365625 0.207813 0.3625
0 0.728125 0.214062 0.726562 0.215625 0.726562 0.21875 0.728125 0.220313 0.728125 0.228125 0.73125 0.228125 0.732813 0.226562 0.732813 0.223438 0.734375 0.221875 0.734375 0.214062
0 0.410937 0.332812 0.409375 0.334375 0.407813 0.334375 0.407813 0.335938 0.409375 0.3375 0.409375 0.340625 0.40625 0.34375 0.403125 0.34375 0.401563 0.345313 0.401563 0.359375 0.40625 0.359375 0.407813 0.357812 0.410937 0.357812 0.410937 0.35625 0.4125 0.354688 0.4125 0.351562 0.414062 0.35 0.414062 0.342187 0.415625 0.340625 0.415625 0.332812
0
0
0
0 0.967188 0.0453125 0.964063 0.0484375 0.964063 0.0578125 0.965625 0.059375 0.978125 0.059375 0.978125 0.0453125
0 0.751562 0.820312 0.75 0.821875 0.75 0.823438 0.751562 0.825 0.751562 0.828125 0.753125 0.828125 0.753125 0.825 0.754687 0.823438 0.754687 0.821875 0.753125 0.820312
0
0
0 0.278125 0.684375 0.278125 0.6875 0.276563 0.689062 0.276563 0.695312 0.278125 0.696875 0.28125 0.696875 0.282813 0.695312 0.282813 0.684375
0 0.259375 0.295312 0.257812 0.296875 0.257812 0.298438 0.259375 0.3 0.259375 0.301562 0.2625 0.298438 0.264062 0.298438 0.264062 0.296875 0.2625 0.295312
0
0 0.0453125 0.779688 0.0453125 0.79375 0.04375 0.795313 0.04375 0.798437 0.0453125 0.8 0.0453125 0.809375 0.046875 0.809375 0.046875 0.8 0.0484375 0.798437 0.0484375 0.795313 0.046875 0.79375 0.046875 0.779688
0 0.404687 0.976562 0.401563 0.979688 0.401563 0.98125 0.4 0.982813 0.4 0.998438 0.410937 0.998438 0.410937 0.982813 0.409375 0.98125 0.409375 0.978125 0.407813 0.976562
0
0 0.971875 0.20625 0.971875 0.207813
0 0.765625 0.59375 0.7625 0.596875 0.7625 0.6 0.764063 0.601562 0.764063 0.603125 0.76875 0.603125 0.770312 0.601562 0.770312 0.596875 0.76875 0.595312 0.767187 0.595312
0 0.726562 0.214062 0.726562 0.21875 0.728125 0.220313 0.732813 0.220313 0.732813 0.21875 0.734375 0.217187 0.734375 0.214062
0 0.196875 0.3625 0.19375 0.365625 0.19375 0.371875 0.195312 0.373437 0.195312 0.38125 0.196875 0.382812 0.196875 0.390625 0.195312 0.392188 0.195312 0.395312 0.196875 0.396875 0.20625 0.396875 0.207813 0.398438 0.209375 0.396875 0.209375 0.3875 0.207813 0.385938 0.207813 0.379687 0.209375 0.378125 0.209375 0.365625 0.207813 0.364062 0.2 0.364062 0.198437 0.3625
0 0.440625 0.98125 0.4375 0.984375 0.4375 0.998438 0.448438 0.998438 0.448438 0.984375 0.445312 0.98125
0 0.429688 0.7375 0.428125 0.739062 0.420312 0.739062 0.420312 0.771875 0.421875 0.773438 0.423438 0.773438 0.425 0.771875 0.434375 0.771875 0.434375 0.7625 0.432813 0.760938 0.432813 0.757812 0.434375 0.75625 0.434375 0.753125 0.435937 0.751562 0.435937 0.740625 0.432813 0.7375
0 0.628125 0.982813 0.626562 0.984375 0.626562 0.990625 0.634375 0.990625 0.634375 0.982813
0 0.739062 0.851562 0.739062 0.860937 0.740625 0.8625 0.740625 0.864062 0.742188 0.865625 0.753125 0.865625 0.753125 0.851562 0.746875 0.851562 0.745313 0.853125 0.74375 0.851562
0 0.720312 0.9875 0.71875 0.989062 0.71875 0.998438 0.735937 0.998438 0.735937 0.989062 0.734375 0.9875
0 0.217187 0.851562 0.215625 0.853125 0.215625 0.864062 0.220313 0.864062 0.220313 0.8625 0.221875 0.860937 0.221875 0.853125 0.220313 0.851562
0
0
0 0.878125 0.570312 0.875 0.573438 0.875 0.575 0.873438 0.576563 0.873438 0.582812 0.875 0.584375 0.884375 0.584375 0.884375 0.570312
0 0.353125 0.307813 0.351562 0.309375 0.351562 0.321875 0.353125 0.323438 0.354688 0.323438 0.357812 0.320312 0.357812 0.317187 0.359375 0.315625 0.359375 0.309375 0.357812 0.307813
0 0.0515625 0.625 0.05 0.626562 0.05 0.640625 0.0515625 0.642187 0.0515625 0.645312 0.053125 0.646875 0.0515625 0.648438 0.0515625 0.659375 0.059375 0.659375 0.059375 0.64375 0.0609375 0.642187 0.0609375 0.626562 0.059375 0.625
0 0.840625 0.68125 0.839063 0.682813 0.835938 0.682813 0.834375 0.684375 0.834375 0.690625 0.835938 0.692187 0.835938 0.695312 0.8375 0.696875 0.839063 0.696875 0.840625 0.698438 0.846875 0.698438 0.848437 0.696875 0.848437 0.682813 0.846875 0.68125
0 0.646875 0.178125 0.646875 0.189063 0.653125 0.189063 0.654688 0.190625 0.657812 0.190625 0.659375 0.189063 0.659375 0.18125 0.657812 0.179688 0.657812 0.178125
0
0 0.834375 0.68125 0.832812 0.682813 0.832812 0.684375 0.83125 0.685938 0.83125 0.689062 0.834375 0.692187 0.846875 0.692187 0.848437 0.690625 0.848437 0.682813 0.846875 0.68125
0
0 0.876562 0.571875 0.875 0.573438 0.875 0.575 0.873438 0.576563 0.875 0.578125 0.876562 0.578125 0.878125 0.576563 0.878125 0.575 0.876562 0.573438
0
0 0.726562 0.9875 0.725 0.989062 0.725 0.998438 0.735937 0.998438 0.735937 0.990625 0.732813 0.9875
