0 0.939062 0.059375 0.9375 0.0609375 0.932813 0.0609375 0.93125 0.0625 0.926562 0.0625 0.926562 0.0640625 0.925 0.065625 0.926562 0.0671875 0.926562 0.0765625 0.929688 0.0796875 0.93125 0.0796875 0.934375 0.0828125 0.9375 0.0828125 0.939062 0.084375 0.940625 0.0828125 0.940625 0.0796875 0.942187 0.078125 0.942187 0.0640625 0.940625 0.0625 0.940625 0.0609375
0 0.101562 0.78125 0.1 0.782812 0.1 0.792188 0.101562 0.79375 0.101562 0.807813 0.103125 0.809375 0.104687 0.807813 0.104687 0.80625 0.10625 0.804688 0.10625 0.796875 0.107813 0.795313 0.110937 0.795313 0.114063 0.798437 0.114063 0.796875 0.115625 0.795313 0.115625 0.792188 0.117188 0.790625 0.117188 0.782812 0.115625 0.78125
0 0.832812 0.0078125 0.83125 0.009375 0.83125 0.0140625 0.829687 0.015625 0.829687 0.021875 0.83125 0.0234375 0.83125 0.0953125 0.834375 0.0984375 0.8375 0.0984375 0.839063 0.096875 0.853125 0.096875 0.853125 0.0875 0.851562 0.0859375 0.851562 0.084375 0.848437 0.08125 0.848437 0.025 0.846875 0.0234375 0.846875 0.0125 0.845312 0.0109375 0.845312 0.009375 0.84375 0.009375 0.842188 0.0078125
0
0
0 0.0265625 0.38125 0.025 0.382812 0.025 0.396875 0.0265625 0.398438 0.034375 0.398438 0.0359375 0.396875 0.0359375 0.382812 0.034375 0.38125
0
0
0 0.101562 0.55 0.1 0.551562 0.1 0.565625 0.101562 0.567187 0.109375 0.567187 0.110937 0.565625 0.110937 0.551562 0.109375 0.55
0
0 0.945312 0.214062 0.945312 0.240625 0.95 0.240625 0.951563 0.239063 0.957812 0.239063 0.957812 0.229687 0.959375 0.228125 0.959375 0.223438 0.957812 0.221875 0.959375 0.220313 0.959375 0.215625 0.957812 0.214062
0
0 0.21875 0.401563 0.217187 0.403125 0.217187 0.410937 0.215625 0.4125 0.215625 0.414062 0.217187 0.415625 0.221875 0.415625 0.221875 0.401563
0 0.439063 0.175 0.4375 0.176563 0.4375 0.182812 0.439063 0.184375 0.439063 0.195312 0.446875 0.195312 0.446875 0.185937 0.448438 0.184375 0.448438 0.176563 0.446875 0.175
0
0 0.670313 0.81875 0.66875 0.820312 0.66875 0.828125 0.670313 0.829687 0.673437 0.829687 0.675 0.828125 0.676562 0.828125 0.678125 0.826563 0.678125 0.820312 0.675 0.820312 0.673437 0.81875
0
0
0
0
0
0 0.351562 0.06875 0.35 0.0703125 0.345313 0.0703125 0.345313 0.0765625 0.346875 0.078125 0.353125 0.078125 0.353125 0.0765625 0.354688 0.075 0.354688 0.071875
0 0.259375 0.0078125 0.257812 0.009375 0.257812 0.0140625 0.259375 0.015625 0.264062 0.015625 0.265625 0.0140625 0.264062 0.0125 0.264062 0.009375 0.2625 0.0078125
0 0.276563 0.65 0.275 0.651563 0.275 0.657812 0.276563 0.659375 0.276563 0.660937 0.284375 0.660937 0.284375 0.659375 0.285937 0.657812 0.285937 0.653125 0.282813 0.65
0 0.764063 0.83125 0.7625 0.832812 0.757812 0.832812 0.757812 0.846875 0.759375 0.846875 0.760938 0.848437 0.764063 0.848437 0.767187 0.845312 0.767187 0.834375
0 0.5375 0.11875 0.535937 0.120312 0.532812 0.120312 0.532812 0.128125 0.534375 0.128125 0.535937 0.129688 0.539062 0.129688 0.542188 0.126563 0.542188 0.121875 0.539062 0.11875
0 0.651563 0.175 0.65 0.176563 0.65 0.190625 0.651563 0.192188 0.659375 0.192188 0.660937 0.190625 0.660937 0.176563 0.659375 0.175
0 0.2 0.782812 0.198437 0.784375 0.198437 0.789062 0.196875 0.790625 0.196875 0.79375 0.195312 0.795313 0.195312 0.801562 0.19375 0.803125 0.19375 0.807813 0.196875 0.810938 0.203125 0.810938 0.204688 0.809375 0.204688 0.8 0.203125 0.798437 0.203125 0.782812
0 0.59375 0.1375 0.592188 0.139062 0.589063 0.139062 0.589063 0.153125 0.59375 0.153125 0.595312 0.154687 0.598437 0.151562 0.598437 0.140625 0.595312 0.1375
0
0 0.914062 0.38125 0.9125 0.382812 0.9125 0.396875 0.914062 0.398438 0.920313 0.398438 0.921875 0.396875 0.921875 0.382812 0.920313 0.38125
0
0 0.214062 0.0703125 0.214062 0.0828125 0.215625 0.084375 0.220313 0.084375 0.221875 0.0828125 0.221875 0.0703125
0 0.239063 0.964063 0.239063 0.965625 0.2375 0.967188 0.2375 0.976562 0.240625 0.979688 0.245312 0.979688 0.248437 0.976562 0.246875 0.975 0.246875 0.965625 0.245312 0.964063
0 0.184375 0.476562 0.182812 0.478125 0.182812 0.48125 0.18125 0.482812 0.184375 0.485938 0.185937 0.484375 0.190625 0.484375 0.190625 0.48125 0.1875 0.478125 0.185937 0.478125
0
0 0.439063 0.25 0.4375 0.251563 0.4375 0.265625 0.439063 0.267188 0.453125 0.267188 0.454688 0.265625 0.454688 0.251563 0.453125 0.25
0
0 0.307813 0.814062 0.307813 0.828125 0.3125 0.828125 0.314063 0.829687 0.315625 0.828125 0.315625 0.814062
0 0.934375 0.459375 0.934375 0.465625 0.939062 0.465625 0.940625 0.464063 0.940625 0.4625 0.939062 0.460938 0.939062 0.459375
0 0.559375 0.06875 0.55625 0.071875 0.55625 0.0765625 0.559375 0.0796875 0.564062 0.0796875 0.565625 0.078125 0.565625 0.0765625 0.567187 0.075 0.567187 0.071875 0.564062 0.06875
0
0 0.0703125 0.326562 0.0703125 0.334375 0.071875 0.334375 0.071875 0.326562
0 0.257812 0.426562 0.25625 0.428125 0.25625 0.446875 0.257812 0.448438 0.259375 0.448438 0.260938 0.446875 0.260938 0.428125 0.259375 0.426562
0 0.945312 0.5875 0.94375 0.589063 0.94375 0.603125 0.945312 0.604688 0.959375 0.604688 0.960938 0.603125 0.960938 0.589063 0.959375 0.5875
0
0 0.870313 0.176563 0.870313 0.178125 0.86875 0.179688 0.86875 0.182812 0.871875 0.185937 0.876562 0.185937 0.879687 0.182812 0.879687 0.179688 0.878125 0.178125 0.878125 0.176563
0 0.653125 0.11875 0.65 0.121875 0.65 0.132812 0.653125 0.135937 0.654688 0.135937 0.65625 0.134375 0.659375 0.134375 0.659375 0.120312 0.657812 0.120312 0.65625 0.11875
0
0
0 0.332812 0.0625 0.33125 0.0640625 0.33125 0.0765625 0.332812 0.078125 0.332812 0.08125 0.334375 0.08125 0.334375 0.078125 0.335938 0.0765625 0.335938 0.0640625 0.334375 0.0625
0
0 0.645312 0.04375 0.64375 0.0453125 0.64375 0.059375 0.645312 0.0609375 0.659375 0.0609375 0.659375 0.059375 0.660937 0.0578125 0.660937 0.0453125 0.659375 0.04375
0
0 0.065625 0.904688 0.0625 0.907812 0.0625 0.921875 0.0640625 0.923437 0.071875 0.923437 0.071875 0.921875 0.0734375 0.920313 0.0734375 0.909375 0.071875 0.907812 0.071875 0.90625 0.0671875 0.90625
0
0 0.196875 0.25625 0.19375 0.259375 0.19375 0.2625 0.195312 0.264062 0.195312 0.265625 0.19375 0.267188 0.19375 0.284375 0.195312 0.285937 0.2 0.285937 0.201562 0.2875 0.204688 0.284375 0.204688 0.257812 0.203125 0.25625
0
0 0.557813 0.6875 0.55625 0.689062 0.55625 0.696875 0.557813 0.698438 0.564062 0.698438 0.567187 0.695312 0.567187 0.690625 0.564062 0.6875
0 0.270312 0.784375 0.270312 0.789062 0.271875 0.789062 0.271875 0.784375
0
0 0.6375 0.884375 0.635938 0.885938 0.632812 0.885938 0.632812 0.8875 0.63125 0.889063 0.63125 0.903125 0.632812 0.904688 0.640625 0.904688 0.642187 0.903125 0.642187 0.889063 0.640625 0.8875 0.640625 0.885938 0.639063 0.884375
0
0 0.145313 0.814062 0.14375 0.815625 0.14375 0.826563 0.145313 0.828125 0.145313 0.829687 0.146875 0.829687 0.146875 0.828125 0.148438 0.826563 0.148438 0.815625 0.146875 0.814062
0 0.821875 0.23125 0.81875 0.234375 0.81875 0.245312 0.821875 0.248437 0.826563 0.248437 0.829687 0.245312 0.829687 0.234375 0.826563 0.23125
0 0.845312 0.0765625 0.84375 0.078125 0.845312 0.0796875 0.845312 0.0953125 0.846875 0.096875 0.865625 0.096875 0.867188 0.0984375 0.88125 0.0984375 0.882812 0.096875 0.907812 0.096875 0.909375 0.0953125 0.9125 0.0953125 0.914062 0.09375 0.921875 0.09375 0.923437 0.0921875 0.925 0.0921875 0.926562 0.090625 0.926562 0.0890625 0.921875 0.084375 0.920313 0.084375 0.91875 0.0828125 0.884375 0.0828125 0.882812 0.08125 0.859375 0.08125 0.857813 0.0828125 0.85 0.0828125 0.848437 0.08125 0.848437 0.078125 0.846875 0.0765625
0
0 0.721875 0.75625 0.71875 0.759375 0.71875 0.771875 0.720312 0.773438 0.728125 0.773438 0.729688 0.771875 0.729688 0.759375 0.726562 0.75625
0
0 0.520312 0.00625 0.51875 0.0078125 0.51875 0.0203125 0.521875 0.0234375 0.526563 0.0234375 0.529688 0.0203125 0.529688 0.0078125 0.528125 0.00625
0
0
0
0
0 0.851562 0.476562 0.851562 0.485938 0.853125 0.4875 0.853125 0.490625 0.859375 0.490625 0.859375 0.476562
0
0
0 0.240625 0.314063
0
0 0.257812 0.0703125 0.25625 0.071875 0.25625 0.0765625 0.257812 0.078125 0.257812 0.0796875 0.259375 0.0796875 0.259375 0.078125 0.260938 0.0765625 0.260938 0.071875 0.259375 0.0703125
0
0
0
0
0
0
0 0.409375 0.14375 0.40625 0.146875 0.40625 0.151562 0.407813 0.153125 0.407813 0.154687 0.414062 0.154687 0.417188 0.151562 0.417188 0.146875 0.414062 0.14375
0
0
0 0.664062 0.11875 0.6625 0.120312 0.6625 0.134375 0.664062 0.135937 0.678125 0.135937 0.679688 0.134375 0.679688 0.120312 0.678125 0.11875
0
0
0 0.764063 0.325 0.7625 0.326562 0.7625 0.340625 0.764063 0.342187 0.771875 0.342187 0.773438 0.340625 0.773438 0.326562 0.771875 0.325
0 0.695312 0.240625 0.695312 0.245312
0 0.145313 0.60625 0.145313 0.621875 0.146875 0.621875 0.146875 0.60625
0
0
0 0.539062 0.21875 0.5375 0.220313 0.5375 0.228125 0.539062 0.229687 0.539062 0.240625 0.546875 0.240625 0.546875 0.228125 0.548437 0.226562 0.548437 0.220313 0.546875 0.21875
0
0 0.253125 0.120312 0.251563 0.121875 0.251563 0.13125 0.253125 0.132812 0.257812 0.132812 0.259375 0.13125 0.259375 0.121875 0.257812 0.120312
0 0.275 0.515625 0.275 0.529688 0.273438 0.53125 0.273438 0.532812 0.270312 0.535937 0.270312 0.540625 0.278125 0.540625 0.278125 0.535937 0.276563 0.534375 0.276563 0.525 0.278125 0.523438 0.278125 0.515625
0 0.084375 0.85 0.08125 0.853125 0.08125 0.884375 0.0828125 0.885938 0.090625 0.885938 0.0921875 0.884375 0.0921875 0.851562 0.090625 0.85
0 0.295312 0.8875 0.29375 0.889063 0.29375 0.903125 0.295312 0.904688 0.296875 0.904688 0.298438 0.903125 0.298438 0.889063 0.296875 0.8875
0
0
0 0.689062 0.70625 0.6875 0.707812 0.6875 0.715625 0.689062 0.717188 0.692187 0.717188 0.69375 0.715625 0.695312 0.715625 0.696875 0.714063 0.696875 0.707812 0.695312 0.707812 0.69375 0.70625
0
0 0.778125 0.670313 0.776563 0.671875 0.778125 0.673437 0.779688 0.673437 0.78125 0.671875 0.779688 0.670313
0
0
0 0.14375 0.41875 0.142188 0.420312 0.139062 0.420312 0.139062 0.43125 0.1375 0.432813 0.140625 0.435937 0.146875 0.435937 0.148438 0.434375 0.148438 0.421875 0.146875 0.420312 0.146875 0.41875
0
0 0.390625 0.025 0.3875 0.028125 0.3875 0.0375 0.389062 0.0390625 0.389062 0.040625 0.396875 0.040625 0.396875 0.0265625 0.395312 0.025
0 0.0125 0.79375 0.0109375 0.795313 0.0078125 0.795313 0.0078125 0.810938 0.009375 0.8125 0.009375 0.814062 0.0109375 0.815625 0.009375 0.817187 0.009375 0.820312 0.0109375 0.821875 0.015625 0.821875 0.015625 0.810938 0.0171875 0.809375 0.0171875 0.796875 0.0140625 0.79375
0 0.95 0.326562 0.948438 0.328125 0.945312 0.328125 0.945312 0.340625 0.959375 0.340625 0.959375 0.326562
0 0.704687 0.028125 0.703125 0.0296875 0.703125 0.0328125 0.704687 0.034375 0.707812 0.034375 0.709375 0.0328125 0.709375 0.028125
0 0.220313 0.5875 0.21875 0.589063 0.21875 0.603125 0.220313 0.604688 0.221875 0.604688 0.223438 0.603125 0.223438 0.589063 0.221875 0.5875
0 0.009375 0.96875 0.00625 0.971875 0.00625 0.998438 0.0171875 0.998438 0.0171875 0.971875 0.0140625 0.96875
0 0.446875 0.0203125 0.445312 0.021875 0.442187 0.021875 0.440625 0.0234375 0.440625 0.0296875 0.439063 0.03125 0.439063 0.0421875 0.4375 0.04375 0.4375 0.065625 0.439063 0.0671875 0.439063 0.0984375 0.440625 0.1 0.445312 0.0953125 0.445312 0.09375 0.44375 0.0921875 0.44375 0.0859375 0.442187 0.084375 0.442187 0.0828125 0.44375 0.08125 0.44375 0.0796875 0.446875 0.0765625 0.448438 0.0765625 0.451562 0.0734375 0.451562 0.0671875 0.45 0.065625 0.453125 0.0625 0.453125 0.0609375 0.454688 0.059375 0.454688 0.0296875 0.453125 0.028125 0.453125 0.021875 0.448438 0.021875
0
0 0.764063 0.901563 0.764063 0.903125 0.770312 0.903125 0.770312 0.901563
0 0.914062 0.309375 0.914062 0.314063
0 0.720312 0.86875 0.71875 0.870313 0.71875 0.884375 0.721875 0.8875 0.725 0.8875 0.726562 0.885938 0.728125 0.885938 0.729688 0.8875 0.732813 0.8875 0.735937 0.884375 0.735937 0.870313 0.734375 0.86875
0
0
0
0
0 0.628125 0.0078125 0.628125 0.009375 0.629687 0.009375 0.629687 0.0078125
0 0.971875 0.49375 0.96875 0.496875 0.96875 0.507812 0.971875 0.510938 0.973437 0.509375 0.976562 0.509375 0.978125 0.507812 0.978125 0.496875 0.976562 0.495313 0.973437 0.495313
0
0
0 0.607813 0.0828125 0.607813 0.0875 0.609375 0.0890625 0.609375 0.090625 0.607813 0.0921875 0.607813 0.0953125 0.609375 0.096875 0.615625 0.096875 0.615625 0.0828125
0
0 0.278125 0.257812 0.276563 0.259375 0.276563 0.264062 0.278125 0.265625 0.279687 0.264062 0.282813 0.264062 0.282813 0.260938 0.284375 0.259375 0.282813 0.257812
0
0 0.482812 0.776563 0.48125 0.778125 0.48125 0.790625 0.482812 0.792188 0.484375 0.792188 0.485938 0.790625 0.485938 0.778125 0.484375 0.776563
0 0.289062 0.36875 0.2875 0.370313 0.2875 0.378125 0.289062 0.379687 0.289062 0.38125 0.290625 0.382812 0.290625 0.385938 0.289062 0.3875 0.289062 0.389062 0.290625 0.390625 0.295312 0.390625 0.295312 0.385938 0.29375 0.385938 0.292188 0.384375 0.29375 0.382812 0.295312 0.382812 0.296875 0.38125 0.296875 0.379687 0.298438 0.378125 0.298438 0.371875 0.295312 0.36875
0
0
0 0.632812 0.270312 0.632812 0.28125 0.63125 0.282813 0.632812 0.284375 0.640625 0.284375 0.640625 0.270312
0
0 0.795313 0.60625 0.79375 0.607813 0.79375 0.621875 0.795313 0.623438 0.809375 0.623438 0.810938 0.621875 0.810938 0.607813 0.809375 0.60625
0 0.334375 0.16875 0.334375 0.170312
0
0
0 0.201562 0.009375 0.201562 0.0171875
0
0 0.125 0.660937 0.123438 0.6625 0.120312 0.6625 0.11875 0.664062 0.11875 0.678125 0.120312 0.679688 0.128125 0.679688 0.129688 0.678125 0.129688 0.664062 0.126563 0.660937
0 0.351562 0.764063 0.351562 0.76875 0.353125 0.770312 0.354688 0.770312 0.359375 0.765625 0.357812 0.764063
0
0
0
0 0.89375 0.79375 0.892187 0.795313 0.889063 0.795313 0.889063 0.801562 0.8875 0.803125 0.8875 0.807813 0.890625 0.810938 0.903125 0.810938 0.904688 0.809375 0.904688 0.795313 0.903125 0.79375
0 0.932813 0.15625 0.932813 0.157813 0.93125 0.159375 0.93125 0.171875 0.932813 0.173438 0.940625 0.173438 0.942187 0.171875 0.942187 0.159375 0.940625 0.157813 0.940625 0.15625
0
0 0.345313 0.764063 0.345313 0.76875 0.346875 0.770312 0.346875 0.771875 0.35 0.771875 0.351562 0.770312 0.353125 0.770312 0.354688 0.771875 0.357812 0.771875 0.359375 0.770312 0.359375 0.764063
0
0
0 0.65 0.290625 0.65 0.292188 0.651563 0.29375 0.651563 0.301562 0.648438 0.304688 0.646875 0.304688 0.645312 0.30625 0.645312 0.309375 0.64375 0.310937 0.64375 0.314063 0.646875 0.317187 0.653125 0.317187 0.654688 0.315625 0.654688 0.307813 0.653125 0.30625 0.653125 0.304688 0.651563 0.303125 0.651563 0.290625
0 0.409375 0.959375 0.407813 0.960938 0.407813 0.978125 0.4125 0.978125 0.414062 0.976562 0.414062 0.965625 0.415625 0.964063 0.414062 0.9625 0.414062 0.959375
0 0.253125 0.120312 0.251563 0.121875 0.251563 0.132812 0.253125 0.134375 0.254687 0.132812 0.264062 0.132812 0.264062 0.125 0.265625 0.123438 0.265625 0.121875 0.264062 0.120312
0 0.634375 0.26875 0.63125 0.271875 0.63125 0.282813 0.634375 0.285937 0.6375 0.285937 0.639063 0.284375 0.640625 0.284375 0.640625 0.278125 0.642187 0.276563 0.642187 0.271875 0.639063 0.26875
0 0.370313 0.120312 0.370313 0.134375 0.376563 0.134375 0.378125 0.132812 0.378125 0.120312
0
0 0.726562 0.815625 0.726562 0.817187 0.725 0.81875 0.725 0.820312 0.728125 0.820312 0.728125 0.815625
0
0
0 0.296875 0.70625 0.29375 0.709375 0.295312 0.710938 0.295312 0.715625 0.301562 0.715625 0.303125 0.714063 0.303125 0.707812 0.298438 0.707812
