0
0 0.515625 0.8125 0.5125 0.815625 0.5125 0.826563 0.515625 0.829687 0.520312 0.829687 0.523438 0.826563 0.523438 0.815625 0.520312 0.8125
0 0.926562 0.0640625 0.926562 0.078125 0.934375 0.078125 0.935938 0.0765625 0.939062 0.0765625 0.939062 0.075 0.940625 0.0734375 0.940625 0.065625 0.939062 0.0640625
0
0 0.176563 0.625 0.175 0.626562 0.175 0.640625 0.176563 0.642187 0.184375 0.642187 0.185937 0.640625 0.185937 0.626562 0.184375 0.625
0 0.420312 0.520312 0.420312 0.526563 0.421875 0.528125 0.423438 0.526563 0.426562 0.526563 0.428125 0.525 0.428125 0.520312
0
0
0 0.103125 0.457812 0.101562 0.459375 0.101562 0.471875 0.10625 0.471875 0.107813 0.473437 0.114063 0.473437 0.117188 0.470313 0.115625 0.46875 0.115625 0.457812
0 0.476562 0.5875 0.475 0.589063 0.475 0.601562 0.478125 0.604688 0.490625 0.604688 0.492188 0.603125 0.492188 0.589063 0.490625 0.5875
0 0.432813 0.41875 0.43125 0.420312 0.428125 0.420312 0.426562 0.421875 0.426562 0.43125 0.425 0.432813 0.428125 0.435937 0.434375 0.435937 0.435937 0.434375 0.435937 0.421875
0
0
0 0.0828125 0.4375 0.08125 0.439063 0.08125 0.451562 0.084375 0.454688 0.0953125 0.454688 0.0984375 0.451562 0.0984375 0.440625 0.0953125 0.4375
0 0.514063 0.4375 0.5125 0.439063 0.5125 0.451562 0.515625 0.454688 0.528125 0.454688 0.529688 0.453125 0.529688 0.439063 0.528125 0.4375
0 0.420312 0.382812 0.420312 0.384375 0.41875 0.385938 0.41875 0.39375 0.420312 0.395312 0.420312 0.396875 0.434375 0.396875 0.434375 0.385938 0.435937 0.384375 0.434375 0.382812
0
0 0.526563 0.309375
0
0 0.645312 0.164062 0.645312 0.170312 0.646875 0.171875 0.653125 0.171875 0.653125 0.164062
0 0.465625 0.3625 0.4625 0.365625 0.4625 0.371875 0.464063 0.373437 0.470313 0.373437 0.473437 0.370313 0.473437 0.36875 0.471875 0.367188 0.471875 0.364062 0.46875 0.364062 0.467187 0.3625
0 0.264062 0.478125 0.264062 0.479688
0 0.176563 0.53125 0.175 0.532812 0.175 0.546875 0.176563 0.548437 0.184375 0.548437 0.185937 0.546875 0.185937 0.532812 0.184375 0.53125
0
0 0.351562 0.476562 0.351562 0.479688 0.35 0.48125 0.35 0.482812 0.353125 0.485938 0.357812 0.485938 0.360938 0.482812 0.359375 0.48125 0.359375 0.478125 0.357812 0.476562
0
0
0 0.534375 0.10625 0.53125 0.109375 0.532812 0.110937 0.532812 0.114063 0.534375 0.115625 0.540625 0.115625 0.540625 0.1125 0.542188 0.110937 0.542188 0.109375 0.539062 0.10625
0 0.251563 0.71875 0.25 0.720312 0.25 0.734375 0.251563 0.735937 0.265625 0.735937 0.267188 0.734375 0.267188 0.720312 0.265625 0.71875
0 0.314063 0.925 0.3125 0.926562 0.3125 0.932813 0.315625 0.935938 0.321875 0.935938 0.323438 0.934375 0.323438 0.928125 0.320312 0.925
0
0
0 0.353125 0.214062 0.351562 0.215625 0.351562 0.221875 0.359375 0.221875 0.359375 0.214062
0
0 0.090625 0.925 0.0875 0.928125 0.0875 0.932813 0.090625 0.935938 0.0921875 0.935938 0.09375 0.934375 0.096875 0.934375 0.096875 0.926562 0.0953125 0.925
0 0.478125 0.4 0.475 0.403125 0.475 0.414062 0.478125 0.417188 0.482812 0.417188 0.485938 0.414062 0.485938 0.403125 0.482812 0.4
0 0.451562 0.19375 0.45 0.195312 0.445312 0.195312 0.445312 0.209375 0.453125 0.209375 0.453125 0.207813 0.454688 0.20625 0.454688 0.196875
0 0.676562 0.046875 0.676562 0.053125 0.678125 0.053125 0.678125 0.046875
0 0.2375 0.26875 0.235938 0.270312 0.232812 0.270312 0.232812 0.284375 0.235938 0.284375 0.2375 0.285937 0.239063 0.285937 0.242188 0.282813 0.242188 0.271875 0.239063 0.26875
0 0.682813 0.175 0.68125 0.176563 0.68125 0.189063 0.684375 0.192188 0.690625 0.192188 0.692187 0.190625 0.692187 0.176563 0.690625 0.175
0 0.404687 0.30625 0.403125 0.307813 0.401563 0.307813 0.401563 0.321875 0.40625 0.321875 0.407813 0.323438 0.410937 0.320312 0.410937 0.309375 0.407813 0.30625
0
0 0.778125 0.65 0.775 0.653125 0.775 0.657812 0.778125 0.660937 0.78125 0.660937 0.782812 0.659375 0.785937 0.659375 0.7875 0.660937 0.789062 0.660937 0.792188 0.657812 0.792188 0.654688 0.790625 0.653125 0.790625 0.651563 0.789062 0.651563 0.7875 0.65
0 0.290625 0.86875 0.2875 0.871875 0.2875 0.882812 0.290625 0.885938 0.301562 0.885938 0.304688 0.882812 0.304688 0.870313 0.303125 0.86875
0 0.589063 0.925 0.5875 0.926562 0.5875 0.939062 0.590625 0.942187 0.595312 0.942187 0.598437 0.939062 0.598437 0.926562 0.596875 0.925
0
0 0.157813 0.371875 0.157813 0.376563 0.159375 0.376563 0.159375 0.371875
0 0.478125 0.215625 0.48125 0.215625 0.482812 0.217187 0.482812 0.215625
0
0
0 0.571875 0.96875 0.570312 0.970312 0.570312 0.976562 0.571875 0.978125 0.578125 0.978125 0.578125 0.976562 0.579687 0.975 0.579687 0.971875 0.576563 0.96875
0
0 0.084375 0.214062 0.0828125 0.215625 0.0828125 0.226562 0.084375 0.228125 0.090625 0.228125 0.090625 0.214062
0 0.484375 0.1375 0.48125 0.140625 0.48125 0.146875 0.482812 0.148438 0.490625 0.148438 0.492188 0.146875 0.492188 0.139062 0.490625 0.1375
0
0 0.401563 0.86875 0.4 0.870313 0.4 0.884375 0.401563 0.885938 0.40625 0.885938 0.407813 0.884375 0.415625 0.884375 0.415625 0.875 0.417188 0.873438 0.417188 0.871875 0.414062 0.86875 0.410937 0.86875 0.409375 0.870313 0.407813 0.86875
0 0.515625 0.7 0.5125 0.703125 0.5125 0.714063 0.515625 0.717188 0.526563 0.717188 0.528125 0.715625 0.528125 0.701563 0.520312 0.701563 0.51875 0.7
0
0
0
0 0.278125 0.721875 0.276563 0.723437 0.276563 0.728125 0.284375 0.728125 0.284375 0.721875
0
0 0.745313 0.914062 0.74375 0.915625 0.74375 0.920313 0.745313 0.921875 0.746875 0.921875 0.748438 0.920313 0.748438 0.915625 0.746875 0.914062
0
0
0 0.345313 0.801562 0.345313 0.807813 0.346875 0.807813 0.346875 0.801562
0 0.065625 0.8125 0.0625 0.815625 0.0625 0.826563 0.065625 0.829687 0.078125 0.829687 0.0796875 0.828125 0.0796875 0.814062 0.078125 0.8125
0 0.251563 0.401563 0.251563 0.415625 0.259375 0.415625 0.259375 0.407813 0.260938 0.40625 0.260938 0.403125 0.259375 0.401563
0 0.351562 0.51875 0.35 0.520312 0.346875 0.520312 0.346875 0.528125 0.35 0.528125 0.351562 0.529688 0.354688 0.526563 0.354688 0.521875
0 0.145313 0.907812 0.145313 0.91875 0.148438 0.921875 0.151562 0.921875 0.153125 0.920313 0.153125 0.909375 0.151562 0.907812
0
0 0.382812 0.389062 0.382812 0.395312 0.384375 0.396875 0.390625 0.396875 0.390625 0.39375 0.392188 0.392188 0.392188 0.390625 0.390625 0.389062
0 0.645312 0.9125 0.64375 0.914062 0.64375 0.917188 0.645312 0.91875 0.645312 0.921875 0.648438 0.921875 0.65 0.923437 0.651563 0.923437 0.654688 0.920313 0.654688 0.914062 0.653125 0.9125
0
0 0.290625 0.421875 0.290625 0.425 0.289062 0.426562 0.289062 0.432813 0.290625 0.434375 0.292188 0.434375 0.29375 0.432813 0.298438 0.432813 0.295312 0.429688 0.295312 0.426562 0.29375 0.425 0.29375 0.423438 0.292188 0.423438
0 0.820312 0.11875 0.81875 0.120312 0.814062 0.120312 0.814062 0.132812 0.815625 0.134375 0.821875 0.134375 0.821875 0.125 0.823438 0.123438 0.823438 0.121875
0 0.126563 0.982813 0.126563 0.998438 0.135937 0.998438 0.135937 0.99375 0.134375 0.992188 0.134375 0.982813
0
0
0
0 0.103125 0.6875 0.1 0.690625 0.1 0.695312 0.103125 0.698438 0.109375 0.698438 0.110937 0.696875 0.110937 0.689062 0.109375 0.6875
0
0
0
0
0
0
0 0.353125 0.775 0.351562 0.776563 0.351562 0.784375 0.35625 0.784375 0.357812 0.785937 0.360938 0.782812 0.360938 0.778125 0.359375 0.776563 0.359375 0.775
0 0.576563 0.832812 0.576563 0.839063 0.578125 0.840625 0.578125 0.845312 0.58125 0.845312 0.579687 0.84375 0.579687 0.839063 0.58125 0.8375 0.58125 0.835938 0.582812 0.834375 0.58125 0.832812
0 0.332812 0.401563 0.33125 0.403125 0.33125 0.409375 0.332812 0.410937 0.340625 0.410937 0.342187 0.409375 0.342187 0.404687 0.340625 0.403125 0.340625 0.401563
0
0
0 0.967188 0.214062 0.965625 0.215625 0.965625 0.217187 0.964063 0.21875 0.964063 0.220313 0.965625 0.221875 0.971875 0.221875 0.971875 0.215625 0.970312 0.214062
0
0
0 0.065625 0.665625 0.065625 0.66875 0.0671875 0.670313 0.0671875 0.673437 0.065625 0.675 0.065625 0.676562 0.0671875 0.676562 0.0671875 0.675 0.06875 0.673437 0.0703125 0.673437 0.071875 0.671875 0.071875 0.66875 0.0734375 0.667188 0.0734375 0.665625
0 0.445312 0.307813 0.445312 0.315625 0.453125 0.315625 0.453125 0.307813
0
0 0.896875 0.801562 0.895312 0.803125 0.89375 0.803125 0.898438 0.807813 0.9 0.807813 0.901563 0.809375 0.901563 0.807813 0.903125 0.80625 0.903125 0.801562
0
0
0
0
0
0
0 0.101562 0.325 0.1 0.326562 0.1 0.340625 0.101562 0.342187 0.109375 0.342187 0.110937 0.340625 0.110937 0.326562 0.109375 0.325
0
0
0
0
0 0.332812 0.345313 0.332812 0.346875 0.334375 0.346875 0.334375 0.345313
0
0 0.571875 0.175 0.56875 0.178125 0.56875 0.189063 0.571875 0.192188 0.573438 0.192188 0.575 0.190625 0.578125 0.190625 0.578125 0.189063 0.579687 0.1875 0.579687 0.178125 0.576563 0.175
0
0
0
0 0.290625 0.63125 0.2875 0.634375 0.2875 0.639063 0.290625 0.642187 0.295312 0.642187 0.296875 0.640625 0.296875 0.6375 0.298438 0.635938 0.298438 0.634375 0.295312 0.63125
0
0
0
0 0.578125 0.75625 0.575 0.759375 0.575 0.760938 0.576563 0.7625 0.576563 0.771875 0.584375 0.771875 0.584375 0.757812 0.58125 0.757812 0.579687 0.75625
0
0 0.482812 0.79375 0.482812 0.803125 0.484375 0.803125 0.484375 0.79375
0
0 0.0453125 0.439063 0.04375 0.440625 0.04375 0.445312 0.046875 0.448438 0.0578125 0.448438 0.0609375 0.445312 0.0609375 0.44375 0.059375 0.442187 0.059375 0.439063
0
0
0 0.496875 0.645312 0.495313 0.646875 0.495313 0.65 0.496875 0.651563 0.496875 0.65625 0.495313 0.657812 0.496875 0.659375 0.509375 0.659375 0.509375 0.645312
0
0 0.557813 0.682813 0.55625 0.684375 0.55625 0.689062 0.557813 0.690625 0.565625 0.690625 0.565625 0.682813
0
0
0 0.670313 0.164062 0.670313 0.16875 0.671875 0.170312 0.670313 0.171875 0.670313 0.175 0.66875 0.176563 0.66875 0.184375 0.670313 0.185937 0.678125 0.185937 0.679688 0.184375 0.679688 0.176563 0.678125 0.175 0.678125 0.173438 0.676562 0.171875 0.675 0.171875 0.673437 0.170312 0.675 0.16875 0.676562 0.16875 0.676562 0.164062
0
0
0 0.520312 0.757812 0.51875 0.759375 0.51875 0.770312 0.520312 0.771875 0.521875 0.771875 0.523438 0.770312 0.523438 0.759375 0.521875 0.757812
0 0.540625 0.907812 0.539062 0.909375 0.540625 0.910937 0.540625 0.9125 0.545313 0.9125 0.545313 0.909375 0.54375 0.907812
0 0.251563 0.89375 0.25 0.895312 0.25 0.901563 0.253125 0.904688 0.257812 0.904688 0.260938 0.901563 0.260938 0.895312 0.259375 0.89375
0 0.570312 0.11875 0.56875 0.120312 0.56875 0.132812 0.571875 0.135937 0.576563 0.135937 0.579687 0.132812 0.579687 0.120312 0.578125 0.11875
0
0 0.326562 0.701563 0.326562 0.714063 0.328125 0.715625 0.3375 0.715625 0.339063 0.717188 0.342187 0.714063 0.342187 0.70625 0.340625 0.704687 0.340625 0.701563
0 0.882812 0.870313 0.882812 0.879687 0.88125 0.88125 0.88125 0.882812 0.882812 0.884375 0.884375 0.884375 0.885938 0.882812 0.885938 0.88125 0.884375 0.879687 0.884375 0.870313
0
0 0.403125 0.725 0.401563 0.726562 0.401563 0.732813 0.403125 0.734375 0.403125 0.751562 0.404687 0.753125 0.407813 0.753125 0.409375 0.751562 0.409375 0.7375 0.40625 0.734375 0.407813 0.732813 0.407813 0.73125 0.409375 0.729688 0.409375 0.726562 0.404687 0.726562
0 0.126563 0.401563 0.126563 0.404687 0.125 0.40625 0.125 0.407813 0.128125 0.410937 0.134375 0.410937 0.135937 0.409375 0.135937 0.40625 0.134375 0.404687 0.134375 0.403125 0.132812 0.401563
0
0 0.482812 0.0453125 0.482812 0.053125 0.4875 0.053125 0.489062 0.0515625 0.489062 0.0453125
0
0 0.403125 0.44375 0.4 0.446875 0.4 0.451562 0.403125 0.454688 0.407813 0.454688 0.410937 0.451562 0.410937 0.446875 0.407813 0.44375
0
0
0
0
0 0.257812 0.326562 0.257812 0.328125 0.25625 0.329688 0.25625 0.339063 0.257812 0.340625 0.259375 0.340625 0.260938 0.339063 0.260938 0.329688 0.259375 0.328125 0.259375 0.326562
0
0
0
0 0.540625 0.4375 0.5375 0.440625 0.5375 0.451562 0.540625 0.454688 0.545313 0.454688 0.548437 0.451562 0.548437 0.440625 0.545313 0.4375
0
0
0
0 0.521875 0.9625 0.51875 0.965625 0.51875 0.971875 0.520312 0.973437 0.520312 0.978125 0.525 0.978125 0.526563 0.979688 0.529688 0.976562 0.529688 0.965625 0.526563 0.9625
0
0
0
0
0
0 0.15 0.460938 0.148438 0.4625 0.140625 0.4625 0.140625 0.465625 0.153125 0.465625 0.153125 0.4625 0.151562 0.460938
0 0.215625 0.575 0.2125 0.578125 0.2125 0.58125 0.214062 0.582812 0.214062 0.584375 0.217187 0.584375 0.21875 0.585938 0.220313 0.585938 0.223438 0.582812 0.223438 0.578125 0.220313 0.575
0 0.139062 0.30625 0.1375 0.307813 0.1375 0.321875 0.139062 0.323438 0.146875 0.323438 0.148438 0.321875 0.148438 0.307813 0.146875 0.30625
0 0.503125 0.98125 0.5 0.984375 0.5 0.998438 0.510938 0.998438 0.510938 0.984375 0.507812 0.98125
0
0 0.634375 0.870313 0.632812 0.871875 0.632812 0.882812 0.634375 0.884375 0.640625 0.884375 0.640625 0.870313
0
0
0 0.459375 0.68125 0.45625 0.684375 0.45625 0.696875 0.457812 0.698438 0.471875 0.698438 0.473437 0.696875 0.473437 0.682813 0.471875 0.68125
0
0
0 0.028125 0.475 0.025 0.478125 0.025 0.489062 0.028125 0.492188 0.0390625 0.492188 0.0421875 0.489062 0.0421875 0.478125 0.0390625 0.475
0
0
0 0.907812 0.19375 0.90625 0.195312 0.90625 0.207813 0.909375 0.210938 0.920313 0.210938 0.923437 0.207813 0.923437 0.195312 0.921875 0.19375
0
0 0.176563 0.251563 0.176563 0.259375 0.184375 0.259375 0.184375 0.251563
0
0 0.0453125 0.86875 0.04375 0.870313 0.04375 0.884375 0.0453125 0.885938 0.059375 0.885938 0.0609375 0.884375 0.0609375 0.870313 0.059375 0.86875
0 0.0640625 0.514063 0.0640625 0.517187 0.0625 0.51875 0.0625 0.525 0.0640625 0.526563 0.0640625 0.528125 0.065625 0.528125 0.0671875 0.529688 0.0765625 0.529688 0.0796875 0.526563 0.0796875 0.51875 0.078125 0.517187 0.078125 0.514063
0
0
0 0.484375 0.739062 0.482812 0.740625 0.482812 0.753125 0.4875 0.753125 0.489062 0.751562 0.489062 0.74375
0
0
0 0.290625 0.8125 0.2875 0.815625 0.2875 0.823438 0.289062 0.825 0.289062 0.828125 0.296875 0.828125 0.296875 0.814062 0.29375 0.814062 0.292188 0.8125
0
0 0.159375 0.201562 0.157813 0.203125 0.157813 0.207813 0.159375 0.209375 0.165625 0.209375 0.165625 0.201562
0 0.707812 0.964063 0.707812 0.978125 0.715625 0.978125 0.715625 0.964063
0 0.403125 0.1 0.4 0.103125 0.401563 0.104687 0.401563 0.1125 0.403125 0.114063 0.404687 0.114063 0.40625 0.115625 0.414062 0.115625 0.415625 0.114063 0.415625 0.10625 0.417188 0.104687 0.417188 0.103125 0.414062 0.1
0 0.709375 0.56875 0.70625 0.571875 0.70625 0.576563 0.709375 0.579687 0.714063 0.579687 0.717188 0.576563 0.717188 0.571875 0.714063 0.56875
0 0.439063 0.7375 0.4375 0.739062 0.4375 0.751562 0.440625 0.754687 0.445312 0.754687 0.448438 0.751562 0.448438 0.739062 0.446875 0.7375
0 0.370313 0.157813 0.370313 0.160938 0.36875 0.1625 0.36875 0.164062 0.371875 0.167187 0.376563 0.167187 0.379687 0.164062 0.379687 0.159375 0.378125 0.157813
0 0.834375 0.0515625 0.832812 0.053125 0.832812 0.0578125 0.834375 0.059375 0.846875 0.059375 0.848437 0.0578125 0.846875 0.05625 0.846875 0.0515625
0 0.423438 0.925 0.421875 0.926562 0.420312 0.926562 0.420312 0.939062 0.421875 0.940625 0.423438 0.940625 0.425 0.942187 0.426562 0.942187 0.429688 0.939062 0.429688 0.928125 0.426562 0.925
0
0
0
0
0
0
0 0.384375 0.645312 0.382812 0.646875 0.382812 0.657812 0.384375 0.659375 0.395312 0.659375 0.396875 0.657812 0.396875 0.645312 0.390625 0.645312 0.389062 0.646875 0.3875 0.645312
0 0.0265625 0.2875 0.025 0.289062 0.025 0.301562 0.028125 0.304688 0.0390625 0.304688 0.0421875 0.301562 0.0421875 0.292188 0.040625 0.290625 0.040625 0.289062 0.0390625 0.289062 0.0375 0.2875
0 0.1875 0.68125 0.185937 0.682813 0.176563 0.682813 0.176563 0.6875 0.175 0.689062 0.176563 0.690625 0.176563 0.696875 0.190625 0.696875 0.190625 0.6875 0.192188 0.685938 0.192188 0.684375 0.189063 0.68125
0 0.957812 0.7 0.957812 0.70625 0.95625 0.707812 0.957812 0.709375 0.959375 0.709375 0.960938 0.707812 0.959375 0.70625 0.959375 0.7
0
0
0
0 0.970312 0.0078125 0.96875 0.009375 0.96875 0.0125 0.970312 0.0140625 0.970312 0.0203125 0.971875 0.0203125 0.971875 0.0140625 0.973437 0.0125 0.973437 0.009375 0.971875 0.0078125
0
0
0
0
0
0
0
0
0 0.615625 0.832812 0.614062 0.834375 0.614062 0.840625 0.621875 0.840625 0.621875 0.8375 0.61875 0.834375 0.617188 0.834375
0
0 0.370313 0.698438 0.370313 0.7 0.36875 0.701563 0.36875 0.715625 0.370313 0.717188 0.371875 0.717188 0.373437 0.715625 0.373437 0.701563 0.371875 0.7 0.371875 0.698438
0
0
0
0 0.496875 0.870313 0.495313 0.871875 0.495313 0.884375 0.50625 0.884375 0.507812 0.882812 0.507812 0.88125 0.509375 0.879687 0.509375 0.876562 0.507812 0.875 0.507812 0.871875 0.50625 0.871875 0.504687 0.870313
0
0 0.540625 0.26875 0.5375 0.271875 0.5375 0.279687 0.539062 0.28125 0.539062 0.284375 0.546875 0.284375 0.546875 0.278125 0.548437 0.276563 0.548437 0.271875 0.545313 0.26875
0
0 0.0703125 0.476562 0.0703125 0.479688 0.06875 0.48125 0.06875 0.482812 0.071875 0.485938 0.0765625 0.485938 0.0796875 0.482812 0.078125 0.48125 0.078125 0.478125 0.0765625 0.476562
0 0.140625 0.66875 0.139062 0.670313 0.139062 0.676562 0.140625 0.678125 0.146875 0.678125 0.146875 0.673437 0.148438 0.671875 0.145313 0.66875
0 0.084375 0.589063 0.0828125 0.590625 0.0828125 0.596875 0.0953125 0.596875 0.096875 0.595312 0.0953125 0.59375 0.0921875 0.59375 0.090625 0.592188 0.0890625 0.592188 0.0875 0.590625 0.0859375 0.590625
0 0.445312 0.6125 0.44375 0.614062 0.44375 0.617188 0.445312 0.61875 0.445312 0.621875 0.44375 0.623438 0.44375 0.640625 0.445312 0.642187 0.446875 0.642187 0.448438 0.640625 0.448438 0.623438 0.446875 0.621875 0.446875 0.61875 0.448438 0.617188 0.448438 0.614062 0.446875 0.6125
0
0 0.60625 0.325 0.604688 0.326562 0.595312 0.326562 0.595312 0.332812 0.596875 0.334375 0.601562 0.334375 0.604688 0.3375 0.604688 0.339063 0.60625 0.340625 0.607813 0.340625 0.609375 0.342187 0.640625 0.342187 0.642187 0.340625 0.654688 0.340625 0.65625 0.339063 0.657812 0.339063 0.657812 0.332812 0.651563 0.332812 0.65 0.33125 0.646875 0.33125 0.645312 0.329688 0.645312 0.328125 0.64375 0.328125 0.642187 0.326562 0.629687 0.326562 0.628125 0.325
0
0
0
0
0 0.932813 0.145313 0.932813 0.154687 0.934375 0.154687 0.934375 0.145313
0
0
0
0 0.596875 0.342187 0.596875 0.345313 0.595312 0.346875 0.595312 0.373437 0.596875 0.375 0.596875 0.376563 0.596875 0.375 0.598437 0.373437 0.598437 0.367188 0.601562 0.364062 0.601562 0.3625 0.603125 0.360938 0.603125 0.351562 0.601562 0.35 0.601562 0.348437 0.596875 0.34375
0 0.914062 0.8125 0.9125 0.814062 0.9125 0.828125 0.914062 0.829687 0.921875 0.829687 0.923437 0.828125 0.923437 0.815625 0.920313 0.8125
0 0.196875 0.401563 0.195312 0.403125 0.195312 0.409375 0.2 0.409375 0.201562 0.410937 0.204688 0.407813 0.203125 0.40625 0.203125 0.403125 0.201562 0.401563
0
0 0.990625 0.382812 0.989062 0.384375 0.989062 0.3875 0.990625 0.389062 0.990625 0.390625 0.989062 0.392188 0.989062 0.395312 0.990625 0.396875 0.992188 0.395312 0.998438 0.395312 0.998438 0.39375 0.996875 0.39375 0.99375 0.390625 0.99375 0.3875 0.996875 0.384375 0.998438 0.384375 0.99375 0.384375 0.992188 0.382812
0
0
0
0 0.220313 0.873438 0.220313 0.878125 0.221875 0.878125 0.221875 0.873438
0 0.609375 0.66875 0.607813 0.670313 0.607813 0.676562 0.609375 0.678125 0.615625 0.678125 0.615625 0.675 0.617188 0.673437 0.617188 0.671875 0.614062 0.66875
0
0
0 0.457812 0.49375 0.45625 0.495313 0.45625 0.509375 0.457812 0.510938 0.464063 0.510938 0.467187 0.507812 0.467187 0.496875 0.464063 0.49375
0 0.015625 0.90625 0.0140625 0.907812 0.0078125 0.907812 0.0078125 0.921875 0.015625 0.921875 0.0171875 0.923437 0.0203125 0.923437 0.0234375 0.920313 0.0234375 0.91875 0.021875 0.917188 0.021875 0.9125 0.0234375 0.910937 0.0234375 0.909375 0.0203125 0.90625
0
0 0.290625 0.365625 0.290625 0.376563 0.292188 0.376563 0.29375 0.378125 0.295312 0.378125 0.296875 0.376563 0.296875 0.367188 0.295312 0.365625
0
0
0 0.789062 0.196875 0.789062 0.207813
0 0.271875 0.53125 0.26875 0.534375 0.26875 0.545313 0.271875 0.548437 0.276563 0.548437 0.279687 0.545313 0.279687 0.534375 0.276563 0.53125
0
0 0.4125 0.257812 0.409375 0.260938 0.409375 0.2625 0.407813 0.264062 0.409375 0.265625 0.414062 0.265625 0.415625 0.264062 0.415625 0.259375 0.414062 0.257812
0
0
0 0.390625 0.776563 0.389062 0.778125 0.389062 0.779688 0.390625 0.78125 0.390625 0.789062 0.39375 0.789062 0.392188 0.7875 0.392188 0.785937 0.390625 0.784375 0.390625 0.782812 0.39375 0.779688 0.39375 0.778125 0.392188 0.776563
0
0 0.820312 0.83125 0.820312 0.832812 0.81875 0.834375 0.81875 0.845312 0.821875 0.848437 0.828125 0.848437 0.829687 0.846875 0.829687 0.834375 0.826563 0.83125
0 0.820312 0.94375 0.81875 0.945312 0.81875 0.959375 0.820312 0.960938 0.828125 0.960938 0.829687 0.959375 0.829687 0.946875 0.826563 0.94375
0
0 0.632812 0.9875 0.63125 0.989062 0.63125 0.992188 0.632812 0.99375 0.632812 0.998438 0.634375 0.998438 0.634375 0.99375 0.635938 0.992188 0.635938 0.989062 0.634375 0.9875
0 0.634375 0.0625 0.632812 0.0640625 0.632812 0.065625 0.634375 0.0671875 0.635938 0.065625 0.640625 0.065625 0.640625 0.0640625 0.6375 0.0640625 0.635938 0.0625
0 0.646875 0.56875 0.64375 0.571875 0.645312 0.573438 0.645312 0.584375 0.653125 0.584375 0.653125 0.573438 0.654688 0.571875 0.651563 0.56875
0
0 0.707812 0.946875 0.707812 0.95625 0.709375 0.95625 0.709375 0.946875
0
0
0 0.784375 0.196875 0.784375 0.207813 0.789062 0.207813 0.789062 0.196875
0 0.428125 0.0625 0.425 0.065625 0.425 0.0765625 0.426562 0.078125 0.426562 0.0796875 0.432813 0.0796875 0.434375 0.078125 0.434375 0.075 0.435937 0.0734375 0.435937 0.065625 0.432813 0.0625
0
0
0
0 0.332812 0.567187 0.332812 0.570312 0.33125 0.571875 0.33125 0.582812 0.332812 0.584375 0.334375 0.584375 0.335938 0.582812 0.335938 0.571875 0.334375 0.570312 0.334375 0.567187
0
0
0 0.464063 0.98125 0.4625 0.982813 0.4625 0.998438 0.473437 0.998438 0.473437 0.984375 0.470313 0.98125
0 0.065625 0.81875 0.0625 0.821875 0.0625 0.826563 0.065625 0.829687 0.0703125 0.829687 0.0734375 0.826563 0.0734375 0.820312 0.071875 0.81875
0
0
0 0.764063 0.0265625 0.764063 0.034375 0.771875 0.034375 0.771875 0.028125 0.770312 0.0265625
0
0 0.090625 0.59375 0.0890625 0.595312 0.090625 0.596875
0
