0 0.145312 0.4 0.14375 0.401563 0.14375 0.407812 0.142188 0.409375 0.142188 0.410937 0.1375 0.415625 0.1375 0.421875 0.132812 0.426562 0.132812 0.428125 0.13125 0.429688 0.13125 0.440625 0.132812 0.442187 0.132812 0.44375 0.135937 0.44375 0.1375 0.442187 0.139062 0.442187 0.140625 0.440625 0.140625 0.439062 0.142188 0.4375 0.142188 0.43125 0.14375 0.429688 0.14375 0.428125 0.146875 0.425 0.146875 0.423437 0.148438 0.421875 0.148438 0.414062 0.153125 0.409375 0.153125 0.40625 0.154687 0.404687 0.154687 0.401563 0.153125 0.4
0 0.354688 0.29375 0.353125 0.295312 0.351562 0.295312 0.351562 0.296875 0.35 0.298437 0.35 0.301562 0.348437 0.303125 0.348437 0.304688 0.346875 0.30625 0.345312 0.30625 0.345312 0.307813 0.34375 0.309375 0.34375 0.3125 0.342187 0.314062 0.342187 0.315625 0.3375 0.320312 0.3375 0.323438 0.335938 0.325 0.335938 0.326562 0.332812 0.329687 0.332812 0.33125 0.33125 0.332812 0.33125 0.340625 0.334375 0.34375 0.335938 0.34375 0.3375 0.342187 0.340625 0.342187 0.340625 0.340625 0.342187 0.339063 0.342187 0.334375 0.346875 0.329687 0.346875 0.328125 0.348437 0.326562 0.348437 0.321875 0.354688 0.315625 0.354688 0.310937 0.35625 0.309375 0.35625 0.307813 0.360937 0.303125 0.360937 0.3 0.3625 0.298437 0.3625 0.295312 0.360937 0.295312 0.359375 0.29375
0 0.401563 0.63125 0.4 0.632812 0.4 0.635937 0.398438 0.6375 0.398438 0.64375 0.4 0.645312 0.401563 0.645312 0.403125 0.64375 0.403125 0.642187 0.404687 0.640625 0.404687 0.639063 0.409375 0.634375 0.409375 0.632812 0.40625 0.632812 0.404687 0.63125
0 0.0703125 0.75 0.0671875 0.753125 0.0671875 0.754687 0.0640625 0.757812 0.0640625 0.760937 0.0625 0.7625 0.0625 0.767187 0.0609375 0.76875 0.0609375 0.770312 0.0578125 0.773438 0.0578125 0.775 0.05625 0.776562 0.05625 0.782812 0.0546875 0.784375 0.0546875 0.785937 0.0515625 0.789062 0.0515625 0.790625 0.05 0.792187 0.05 0.796875 0.0484375 0.798437 0.0484375 0.8 0.0453125 0.803125 0.0453125 0.804688 0.04375 0.80625 0.04375 0.820312 0.0453125 0.821875 0.046875 0.821875 0.053125 0.815625 0.053125 0.814062 0.0546875 0.8125 0.0546875 0.807812 0.05625 0.80625 0.05625 0.804688 0.0578125 0.803125 0.0578125 0.801562 0.059375 0.8 0.059375 0.798437 0.0609375 0.796875 0.0609375 0.790625 0.0625 0.789062 0.0625 0.7875 0.0671875 0.782812 0.0671875 0.776562 0.06875 0.775 0.06875 0.773438 0.071875 0.770312 0.071875 0.76875 0.0734375 0.767187 0.0734375 0.7625 0.075 0.760937 0.075 0.757812 0.078125 0.754687 0.078125 0.751562 0.0765625 0.75
0 0.220312 0.36875 0.21875 0.370313 0.217187 0.370313 0.215625 0.371875 0.215625 0.373437 0.214063 0.375 0.214063 0.376562 0.2125 0.378125 0.2125 0.385938 0.210938 0.3875 0.210938 0.389062 0.207812 0.392187 0.207812 0.39375 0.20625 0.395312 0.20625 0.415625 0.207812 0.417187 0.209375 0.417187 0.210938 0.415625 0.2125 0.415625 0.214063 0.414062 0.214063 0.4125 0.217187 0.409375 0.217187 0.4 0.21875 0.398438 0.21875 0.395312 0.220312 0.39375 0.220312 0.390625 0.221875 0.389062 0.221875 0.382812 0.228125 0.376562 0.228125 0.370313 0.225 0.370313 0.223437 0.36875
0 0.0453125 0.44375 0.04375 0.445312 0.04375 0.45 0.0421875 0.451563 0.0421875 0.453125 0.0375 0.457812 0.0375 0.465625 0.0390625 0.467188 0.040625 0.467188 0.0421875 0.465625 0.04375 0.465625 0.046875 0.4625 0.046875 0.460938 0.0484375 0.459375 0.0484375 0.45625 0.05 0.454687 0.05 0.451563 0.0515625 0.45 0.053125 0.45 0.053125 0.448437 0.0546875 0.446875 0.0546875 0.445312 0.053125 0.44375
0 0.101562 0.429688 0.1 0.43125 0.096875 0.43125 0.09375 0.434375 0.09375 0.446875 0.0953125 0.448437 0.0953125 0.45 0.096875 0.45 0.0984375 0.448437 0.1 0.448437 0.103125 0.445312 0.103125 0.44375 0.104687 0.442187 0.104687 0.429688
0 0.503125 0.48125 0.5 0.484375 0.5 0.489062 0.498438 0.490625 0.498438 0.492188 0.49375 0.496875 0.49375 0.503125 0.489062 0.507812 0.489062 0.509375 0.4875 0.510937 0.4875 0.523438 0.489062 0.525 0.489062 0.526562 0.490625 0.526562 0.490625 0.525 0.492188 0.523438 0.492188 0.521875 0.49375 0.520312 0.49375 0.51875 0.496875 0.515625 0.496875 0.514063 0.498438 0.5125 0.498438 0.507812 0.5 0.50625 0.5 0.504687 0.503125 0.501562 0.503125 0.5 0.504687 0.498438 0.504687 0.495312 0.50625 0.49375 0.50625 0.492188 0.509375 0.489062 0.509375 0.4875 0.510937 0.485937 0.510937 0.482813 0.509375 0.48125
0 0.320312 0.75625 0.31875 0.757812 0.31875 0.759375 0.317187 0.760937 0.317187 0.764063 0.315625 0.765625 0.315625 0.767187 0.314062 0.76875 0.314062 0.770312 0.3125 0.771875 0.3125 0.779688 0.310937 0.78125 0.310937 0.784375 0.307813 0.7875 0.307813 0.789062 0.30625 0.790625 0.30625 0.809375 0.307813 0.810938 0.307813 0.8125 0.309375 0.8125 0.310937 0.810938 0.310937 0.807812 0.3125 0.80625 0.3125 0.804688 0.315625 0.801562 0.315625 0.798437 0.317187 0.796875 0.317187 0.789062 0.31875 0.7875 0.31875 0.785937 0.320312 0.784375 0.320312 0.782812 0.321875 0.78125 0.321875 0.779688 0.323438 0.778125 0.323438 0.770312 0.325 0.76875 0.325 0.765625 0.328125 0.7625 0.328125 0.760937 0.329687 0.759375 0.326562 0.75625
0 0.078125 0.8625 0.075 0.865625 0.075 0.873437 0.0734375 0.875 0.0734375 0.876562 0.0703125 0.879688 0.0703125 0.882812 0.06875 0.884375 0.06875 0.907812 0.0703125 0.909375 0.071875 0.909375 0.0734375 0.907812 0.0734375 0.903125 0.075 0.901562 0.075 0.9 0.078125 0.896875 0.078125 0.89375 0.0796875 0.892187 0.0796875 0.884375 0.08125 0.882812 0.08125 0.88125 0.084375 0.878125 0.084375 0.876562 0.0859375 0.875 0.0859375 0.870312 0.0890625 0.867188 0.0890625 0.864063 0.0875 0.864063 0.0859375 0.8625
0 0.8375 0.06875 0.835938 0.0703125 0.834375 0.0703125 0.832813 0.071875 0.832813 0.075 0.83125 0.0765625 0.83125 0.0984375 0.832813 0.1 0.832813 0.101562 0.835938 0.101562 0.840625 0.096875 0.840625 0.09375 0.842187 0.0921875 0.842187 0.0796875 0.84375 0.078125 0.84375 0.075 0.845312 0.0734375 0.845312 0.0703125 0.84375 0.0703125 0.842187 0.06875
0 0.389062 0.1125 0.3875 0.114062 0.3875 0.11875 0.385938 0.120312 0.385938 0.123437 0.382812 0.126563 0.382812 0.129687 0.38125 0.13125 0.38125 0.151562 0.382812 0.153125 0.3875 0.153125 0.390625 0.15 0.390625 0.146875 0.392187 0.145312 0.392187 0.132812 0.39375 0.13125 0.39375 0.128125 0.395312 0.126563 0.395312 0.125 0.396875 0.123437 0.396875 0.11875 0.398438 0.117188 0.398438 0.114062 0.396875 0.114062 0.395312 0.1125
0 0.13125 0.60625 0.129687 0.607813 0.128125 0.607813 0.128125 0.609375 0.126563 0.610937 0.126563 0.617188 0.125 0.61875 0.125 0.6625 0.126563 0.664062 0.126563 0.665625 0.129687 0.665625 0.134375 0.660937 0.134375 0.657812 0.135937 0.65625 0.135937 0.61875 0.1375 0.617188 0.1375 0.6125 0.139062 0.610937 0.139062 0.607813 0.1375 0.607813 0.135937 0.60625
0 0.207812 0.04375 0.204688 0.046875 0.204688 0.0484375 0.2 0.053125 0.2 0.0703125 0.201562 0.071875 0.204688 0.071875 0.204688 0.0703125 0.207812 0.0671875 0.207812 0.065625 0.209375 0.0640625 0.209375 0.0625 0.210938 0.0609375 0.210938 0.053125 0.215625 0.0484375 0.215625 0.0453125 0.214063 0.04375
0 0.689062 0.7875 0.6875 0.789062 0.6875 0.801562 0.689062 0.803125 0.689062 0.804688 0.69375 0.809375 0.69375 0.815625 0.695312 0.817187 0.695312 0.820312 0.698437 0.823437 0.698437 0.825 0.7 0.826563 0.7 0.828125 0.701563 0.829687 0.701563 0.83125 0.703125 0.83125 0.704687 0.829687 0.70625 0.829687 0.707812 0.828125 0.707812 0.826563 0.70625 0.825 0.70625 0.821875 0.704687 0.820312 0.704687 0.814062 0.703125 0.8125 0.703125 0.810938 0.7 0.807812 0.7 0.80625 0.698437 0.804688 0.698437 0.796875 0.696875 0.795313 0.696875 0.792187 0.69375 0.789062 0.692187 0.789062 0.690625 0.7875
0 0.0078125 0.551562 0.00625 0.553125 0.00625 0.565625 0.0109375 0.570312 0.0109375 0.571875 0.0125 0.573437 0.0125 0.576563 0.0203125 0.584375 0.0234375 0.584375 0.0234375 0.575 0.0203125 0.571875 0.0203125 0.570312 0.0171875 0.567187 0.0171875 0.564062 0.0125 0.559375 0.0125 0.557812 0.0109375 0.55625 0.0109375 0.551562
0 0.60625 0.89375 0.604687 0.895313 0.603125 0.895313 0.601562 0.896875 0.601562 0.898438 0.6 0.9 0.6 0.904687 0.598437 0.90625 0.598437 0.907812 0.59375 0.9125 0.59375 0.915625 0.592188 0.917187 0.592188 0.91875 0.590625 0.920312 0.589062 0.920312 0.589062 0.923437 0.5875 0.925 0.5875 0.928125 0.584375 0.93125 0.584375 0.932812 0.582812 0.934375 0.582812 0.945312 0.584375 0.945312 0.590625 0.939062 0.590625 0.9375 0.592188 0.935937 0.592188 0.932812 0.596875 0.928125 0.596875 0.926563 0.598437 0.925 0.598437 0.920312 0.604687 0.914062 0.604687 0.909375 0.609375 0.904687 0.609375 0.903125 0.610937 0.901562 0.610937 0.895313 0.609375 0.89375
0 0.182812 0.4875 0.18125 0.489062 0.18125 0.520312 0.182812 0.521875 0.184375 0.521875 0.185937 0.520312 0.185937 0.507812 0.1875 0.50625 0.1875 0.501562 0.189063 0.5 0.189063 0.496875 0.190625 0.495312 0.190625 0.492188 0.192187 0.490625 0.189063 0.4875
0 0.167187 0.18125 0.165625 0.182812 0.164062 0.182812 0.164062 0.184375 0.1625 0.185937 0.1625 0.209375 0.164062 0.210938 0.165625 0.210938 0.170312 0.20625 0.170312 0.204688 0.171875 0.203125 0.171875 0.2 0.173438 0.198437 0.173438 0.182812 0.171875 0.18125
0 0.120312 0.06875 0.11875 0.0703125 0.117188 0.0703125 0.117188 0.071875 0.114062 0.075 0.114062 0.0765625 0.1125 0.078125 0.1125 0.096875 0.114062 0.0984375 0.117188 0.0984375 0.11875 0.096875 0.120312 0.096875 0.121875 0.0953125 0.121875 0.0921875 0.123437 0.090625 0.123437 0.08125 0.125 0.0796875 0.125 0.0765625 0.128125 0.0734375 0.128125 0.0703125 0.126563 0.06875
0 0.601562 0.14375 0.6 0.145312 0.6 0.171875 0.601562 0.173438 0.601562 0.175 0.603125 0.175 0.60625 0.171875 0.60625 0.170312 0.607813 0.16875 0.607813 0.167187 0.609375 0.165625 0.609375 0.159375 0.610937 0.157813 0.610937 0.148438 0.6125 0.146875 0.609375 0.14375
0 0.259375 0.05 0.25625 0.053125 0.25625 0.071875 0.257812 0.0734375 0.259375 0.0734375 0.260938 0.071875 0.260938 0.0703125 0.2625 0.06875 0.2625 0.0671875 0.264062 0.065625 0.264062 0.0640625 0.265625 0.0625 0.265625 0.0609375 0.267187 0.059375 0.267187 0.0515625 0.265625 0.05
0 0.539062 0.29375 0.5375 0.295312 0.5375 0.296875 0.532812 0.301562 0.532812 0.303125 0.53125 0.304688 0.53125 0.314062 0.532812 0.315625 0.534375 0.315625 0.542187 0.307813 0.542187 0.30625 0.54375 0.304688 0.54375 0.303125 0.546875 0.3 0.546875 0.298437 0.548437 0.296875 0.548437 0.295312 0.546875 0.295312 0.545313 0.29375
0 0.457812 0.55625 0.45625 0.557812 0.45625 0.596875 0.459375 0.6 0.465625 0.6 0.467188 0.598437 0.467188 0.596875 0.46875 0.595312 0.467188 0.59375 0.467188 0.570312 0.465625 0.56875 0.465625 0.560938 0.464062 0.559375 0.464062 0.557812 0.4625 0.557812 0.460938 0.55625
0 0.821875 0.39375 0.81875 0.396875 0.81875 0.401563 0.8125 0.407812 0.8125 0.417187 0.814062 0.41875 0.815625 0.41875 0.817187 0.417187 0.817187 0.415625 0.823437 0.409375 0.823437 0.404687 0.825 0.403125 0.825 0.401563 0.829687 0.396875 0.826563 0.39375
0 0.64375 0.8625 0.642187 0.864063 0.640625 0.864063 0.639063 0.865625 0.639063 0.870312 0.6375 0.871875 0.6375 0.882812 0.635937 0.884375 0.635937 0.889062 0.632812 0.892187 0.632812 0.895313 0.63125 0.896875 0.63125 0.915625 0.632812 0.917187 0.632812 0.91875 0.634375 0.91875 0.635937 0.917187 0.635937 0.914062 0.6375 0.9125 0.6375 0.910938 0.639063 0.909375 0.639063 0.907812 0.640625 0.90625 0.640625 0.904687 0.642187 0.903125 0.642187 0.895313 0.64375 0.89375 0.64375 0.890625 0.646875 0.8875 0.646875 0.884375 0.648438 0.882812 0.648438 0.871875 0.65 0.870312 0.65 0.867188 0.651562 0.865625 0.65 0.864063 0.648438 0.864063 0.646875 0.8625
0 0.528125 0.4 0.525 0.403125 0.525 0.434375 0.526562 0.435938 0.528125 0.435938 0.529688 0.434375 0.53125 0.434375 0.534375 0.43125 0.534375 0.425 0.535937 0.423437 0.535937 0.409375 0.5375 0.407812 0.5375 0.401563 0.535937 0.401563 0.534375 0.4
0 0.957813 0.2625 0.95625 0.264062 0.95625 0.285937 0.957813 0.2875 0.957813 0.289062 0.960938 0.289062 0.9625 0.2875 0.964062 0.2875 0.967187 0.284375 0.967187 0.276563 0.965625 0.275 0.965625 0.271875 0.964062 0.270312 0.964062 0.26875 0.9625 0.267187 0.9625 0.265625 0.959375 0.2625
0 0.25 0.73125 0.248437 0.732813 0.246875 0.732813 0.245313 0.734375 0.245313 0.7375 0.24375 0.739062 0.24375 0.773438 0.245313 0.775 0.245313 0.776562 0.246875 0.776562 0.246875 0.775 0.248437 0.773438 0.248437 0.765625 0.25 0.764063 0.25 0.760937 0.251562 0.759375 0.251562 0.75625 0.253125 0.754687 0.253125 0.75 0.254687 0.748438 0.254687 0.735937 0.25625 0.734375 0.253125 0.73125
0 0.0890625 0.15625 0.0875 0.157813 0.0859375 0.157813 0.0859375 0.159375 0.0828125 0.1625 0.0828125 0.165625 0.08125 0.167187 0.08125 0.170312 0.0796875 0.171875 0.0796875 0.173438 0.0765625 0.176562 0.0765625 0.178125 0.075 0.179688 0.075 0.190625 0.0765625 0.192187 0.0765625 0.19375 0.0828125 0.19375 0.0859375 0.190625 0.0859375 0.185937 0.0875 0.184375 0.0875 0.18125 0.090625 0.178125 0.090625 0.175 0.0921875 0.173438 0.0921875 0.167187 0.09375 0.165625 0.09375 0.164062 0.096875 0.160937 0.096875 0.157813 0.0953125 0.157813 0.09375 0.15625
0 0.382812 0.845312 0.38125 0.846875 0.38125 0.848438 0.382812 0.85 0.382812 0.854687 0.379687 0.857812 0.378125 0.857812 0.378125 0.859375 0.376562 0.860937 0.376562 0.865625 0.375 0.867188 0.375 0.86875 0.370313 0.873437 0.370313 0.875 0.36875 0.876562 0.36875 0.890625 0.370313 0.892187 0.373437 0.892187 0.376562 0.889062 0.376562 0.885937 0.378125 0.884375 0.378125 0.870312 0.379687 0.86875 0.379687 0.8625 0.38125 0.860937 0.38125 0.859375 0.382812 0.857812 0.382812 0.85625 0.385938 0.853125 0.3875 0.853125 0.390625 0.85 0.390625 0.845312
0 0.189063 0.75625 0.1875 0.757812 0.1875 0.759375 0.185937 0.760937 0.185937 0.764063 0.182812 0.767187 0.182812 0.76875 0.18125 0.770312 0.18125 0.796875 0.182812 0.798437 0.182812 0.8 0.184375 0.8 0.184375 0.798437 0.185937 0.796875 0.185937 0.789062 0.1875 0.7875 0.1875 0.785937 0.189063 0.784375 0.189063 0.782812 0.190625 0.78125 0.190625 0.779688 0.192187 0.778125 0.192187 0.770312 0.19375 0.76875 0.19375 0.767187 0.195312 0.765625 0.195312 0.764063 0.196875 0.7625 0.196875 0.760937 0.198437 0.759375 0.195312 0.75625
0 0.0890625 0.75625 0.0875 0.757812 0.0875 0.789062 0.0890625 0.790625 0.090625 0.790625 0.0921875 0.789062 0.0921875 0.779688 0.09375 0.778125 0.09375 0.773438 0.0953125 0.771875 0.0953125 0.770312 0.096875 0.76875 0.096875 0.7625 0.0984375 0.760937 0.0984375 0.759375 0.0953125 0.75625
0 0.901562 0.1125 0.9 0.114062 0.9 0.145312 0.901562 0.146875 0.901562 0.148438 0.909375 0.148438 0.910938 0.146875 0.910938 0.135937 0.909375 0.134375 0.909375 0.128125 0.907812 0.126563 0.907812 0.123437 0.90625 0.121875 0.90625 0.115625 0.903125 0.1125
0 0.989063 0.0125 0.9875 0.0140625 0.9875 0.025 0.989063 0.0265625 0.989063 0.028125 0.992188 0.03125 0.992188 0.0328125 0.99375 0.034375 0.99375 0.0375 0.995312 0.0390625 0.995312 0.040625 0.998437 0.040625 0.998437 0.0140625 0.995312 0.0140625 0.99375 0.0125
0 0.439062 0.2375 0.4375 0.239062 0.4375 0.259375 0.439062 0.260938 0.439062 0.2625 0.440625 0.2625 0.440625 0.260938 0.442187 0.259375 0.442187 0.248437 0.44375 0.246875 0.44375 0.24375 0.445312 0.242188 0.445312 0.239062 0.44375 0.239062 0.442187 0.2375
0 0.28125 0.80625 0.279687 0.807812 0.278125 0.807812 0.278125 0.809375 0.276563 0.810938 0.276563 0.820312 0.275 0.821875 0.275 0.8625 0.276563 0.864063 0.276563 0.865625 0.284375 0.865625 0.284375 0.8625 0.285937 0.860937 0.285937 0.840625 0.2875 0.839062 0.2875 0.829687 0.289062 0.828125 0.289062 0.823437 0.290625 0.821875 0.290625 0.807812 0.289062 0.80625
0 0.882812 0.81875 0.88125 0.820312 0.88125 0.834375 0.882812 0.835938 0.882812 0.839062 0.885937 0.842187 0.885937 0.845312 0.8875 0.846875 0.8875 0.851562 0.890625 0.854687 0.892187 0.853125 0.895313 0.853125 0.896875 0.851562 0.896875 0.846875 0.895313 0.845312 0.895313 0.84375 0.89375 0.842187 0.89375 0.8375 0.892187 0.835938 0.892187 0.821875 0.889062 0.81875
0 0.532812 0.1875 0.53125 0.189063 0.53125 0.20625 0.532812 0.207812 0.532812 0.209375 0.534375 0.209375 0.534375 0.207812 0.535937 0.20625 0.535937 0.195312 0.5375 0.19375 0.5375 0.189063 0.535937 0.189063 0.534375 0.1875
0 0.945312 0.1 0.94375 0.101562 0.94375 0.135937 0.945312 0.1375 0.945312 0.139062 0.946875 0.139062 0.948437 0.1375 0.948437 0.134375 0.95 0.132812 0.95 0.10625 0.951562 0.104687 0.951562 0.103125 0.95 0.101562 0.948437 0.101562 0.946875 0.1
0 0.0171875 0.6875 0.015625 0.689062 0.0140625 0.689062 0.0140625 0.690625 0.0125 0.692187 0.0125 0.728125 0.0140625 0.729687 0.0140625 0.73125 0.015625 0.73125 0.015625 0.729687 0.0171875 0.728125 0.0171875 0.723437 0.01875 0.721875 0.01875 0.717188 0.0203125 0.715625 0.0203125 0.714062 0.021875 0.7125 0.021875 0.70625 0.0234375 0.704687 0.0234375 0.689062 0.021875 0.6875
0 0.00625 0.86875 0.0046875 0.870312 0.003125 0.870312 0.0015625 0.871875 0 0.871875 0 0.890625 0.003125 0.890625 0.0046875 0.889062 0.0046875 0.885937 0.00625 0.884375 0.00625 0.882812 0.0109375 0.878125 0.0109375 0.876562 0.0125 0.875 0.0125 0.873437 0.0140625 0.871875 0.0140625 0.870312 0.0125 0.870312 0.0109375 0.86875
0 0.432812 0.0328125 0.432812 0.0359375 0.43125 0.0375 0.43125 0.059375 0.432812 0.0609375 0.432812 0.0640625 0.434375 0.0640625 0.434375 0.0609375 0.435938 0.059375 0.435938 0.04375 0.4375 0.0421875 0.4375 0.0375 0.439062 0.0359375 0.439062 0.034375 0.4375 0.0328125
0 0.24375 0.225 0.242188 0.226562 0.240625 0.226562 0.240625 0.228125 0.239062 0.229688 0.239062 0.2375 0.2375 0.239062 0.2375 0.273438 0.239062 0.275 0.240625 0.275 0.245313 0.270312 0.245313 0.26875 0.246875 0.267187 0.246875 0.2625 0.248437 0.260938 0.248437 0.248437 0.25 0.246875 0.25 0.242188 0.251562 0.240625 0.251562 0.239062 0.253125 0.2375 0.253125 0.226562 0.251562 0.226562 0.25 0.225
0 0.19375 0.89375 0.192187 0.895313 0.190625 0.895313 0.189063 0.896875 0.189063 0.898438 0.1875 0.9 0.1875 0.90625 0.185937 0.907812 0.185937 0.909375 0.182812 0.9125 0.182812 0.914062 0.18125 0.915625 0.18125 0.928125 0.182812 0.929688 0.182812 0.93125 0.184375 0.932812 0.1875 0.929688 0.1875 0.928125 0.190625 0.925 0.190625 0.923437 0.192187 0.921875 0.192187 0.914062 0.19375 0.9125 0.19375 0.910938 0.196875 0.907812 0.196875 0.90625 0.198437 0.904687 0.198437 0.9 0.2 0.898438 0.2 0.895313 0.198437 0.895313 0.196875 0.89375
0 0.4375 0.4625 0.435938 0.464062 0.434375 0.464062 0.432812 0.465625 0.432812 0.467188 0.43125 0.46875 0.43125 0.490625 0.432812 0.492188 0.432812 0.49375 0.4375 0.49375 0.440625 0.490625 0.440625 0.4875 0.442187 0.485937 0.442187 0.475 0.44375 0.473437 0.44375 0.46875 0.446875 0.465625 0.445312 0.464062 0.44375 0.464062 0.442187 0.4625
0 0.557812 0.6125 0.55625 0.614062 0.55625 0.645312 0.557812 0.646875 0.559375 0.646875 0.560938 0.645312 0.560938 0.61875 0.5625 0.617188 0.5625 0.615625 0.559375 0.6125
0 0.489062 0.825 0.4875 0.826563 0.4875 0.8625 0.489062 0.864063 0.489062 0.86875 0.492188 0.871875 0.496875 0.871875 0.496875 0.86875 0.498438 0.867188 0.498438 0.859375 0.496875 0.857812 0.496875 0.853125 0.495312 0.851562 0.495312 0.848438 0.49375 0.846875 0.49375 0.840625 0.492188 0.839062 0.492188 0.826563 0.490625 0.825
0 0.864063 0.71875 0.8625 0.720312 0.8625 0.7375 0.864063 0.739062 0.864063 0.745312 0.865625 0.746875 0.865625 0.75 0.867188 0.751562 0.867188 0.753125 0.86875 0.754687 0.86875 0.75625 0.870312 0.757812 0.873437 0.757812 0.875 0.75625 0.876562 0.75625 0.879688 0.753125 0.879688 0.74375 0.878125 0.742188 0.878125 0.732813 0.876562 0.73125 0.876562 0.725 0.875 0.723437 0.875 0.720312 0.871875 0.720312 0.870312 0.71875
0 0.714062 0.325 0.7125 0.326562 0.7125 0.346875 0.714062 0.348437 0.715625 0.348437 0.717188 0.346875 0.717188 0.345312 0.71875 0.34375 0.71875 0.340625 0.720312 0.339063 0.720312 0.3375 0.721875 0.335938 0.721875 0.33125 0.723437 0.329687 0.723437 0.328125 0.720312 0.325
0 0.820312 0.189063 0.820312 0.201562 0.81875 0.203125 0.81875 0.226562 0.820312 0.228125 0.823437 0.228125 0.823437 0.226562 0.825 0.225 0.825 0.223437 0.826563 0.221875 0.826563 0.198437 0.828125 0.196875 0.828125 0.190625 0.826563 0.189063
0 0.220312 0.665625 0.220312 0.68125 0.21875 0.682812 0.21875 0.701563 0.220312 0.703125 0.221875 0.703125 0.223437 0.701563 0.223437 0.682812 0.221875 0.68125 0.221875 0.665625
0 0.314062 0.44375 0.3125 0.445312 0.3125 0.482813 0.314062 0.484375 0.317187 0.484375 0.31875 0.482813 0.31875 0.48125 0.320312 0.479687 0.320312 0.473437 0.31875 0.471875 0.31875 0.457812 0.317187 0.45625 0.317187 0.445312 0.315625 0.44375
0 0.970312 0.16875 0.96875 0.170312 0.96875 0.203125 0.970312 0.204688 0.970312 0.20625 0.971875 0.207812 0.975 0.204688 0.976562 0.204688 0.978125 0.203125 0.978125 0.185937 0.976562 0.184375 0.976562 0.175 0.975 0.173438 0.975 0.170312 0.973438 0.170312 0.971875 0.16875
0 0.395312 0.7375 0.39375 0.739062 0.39375 0.759375 0.395312 0.760937 0.395312 0.764063 0.396875 0.764063 0.396875 0.760937 0.398438 0.759375 0.398438 0.74375 0.4 0.742188 0.4 0.739062 0.398438 0.739062 0.396875 0.7375
0 0.920312 0.751562 0.91875 0.753125 0.91875 0.798437 0.920312 0.8 0.920312 0.801562 0.921875 0.801562 0.921875 0.8 0.923437 0.798437 0.923437 0.753125 0.921875 0.751562
0 0.964062 0.7625 0.960938 0.765625 0.960938 0.770312 0.959375 0.771875 0.959375 0.773438 0.957813 0.775 0.957813 0.779688 0.95625 0.78125 0.95625 0.810938 0.957813 0.8125 0.957813 0.815625 0.960938 0.815625 0.965625 0.810938 0.965625 0.807812 0.967187 0.80625 0.967187 0.789062 0.96875 0.7875 0.96875 0.78125 0.970312 0.779688 0.970312 0.776562 0.971875 0.775 0.971875 0.76875 0.973438 0.767187 0.973438 0.765625 0.970312 0.7625
0 0.482813 0.151562 0.48125 0.153125 0.48125 0.154687 0.478125 0.157813 0.476562 0.157813 0.476562 0.159375 0.475 0.160937 0.475 0.16875 0.476562 0.170312 0.476562 0.171875 0.478125 0.171875 0.484375 0.165625 0.484375 0.164062 0.485937 0.1625 0.485937 0.157813 0.4875 0.15625 0.4875 0.154687 0.489062 0.153125 0.489062 0.151562
0 0.870312 0.939062 0.86875 0.940625 0.86875 0.954687 0.870312 0.95625 0.870312 0.959375 0.871875 0.959375 0.871875 0.95625 0.873437 0.954687 0.873437 0.940625 0.871875 0.939062
0 0.876562 0.46875 0.875 0.470312 0.875 0.49375 0.876562 0.495312 0.876562 0.496875 0.878125 0.496875 0.879688 0.495312 0.879688 0.485937 0.88125 0.484375 0.88125 0.48125 0.882812 0.479687 0.882812 0.478125 0.884375 0.476562 0.884375 0.470312 0.882812 0.46875
0 0.951562 0.525 0.95 0.526562 0.95 0.582812 0.953125 0.585938 0.954687 0.584375 0.957813 0.584375 0.959375 0.582812 0.959375 0.579687 0.960938 0.578125 0.960938 0.571875 0.959375 0.570312 0.959375 0.53125 0.957813 0.529688 0.957813 0.526562 0.95625 0.526562 0.954687 0.525
0 0.864063 0.60625 0.8625 0.607813 0.8625 0.63125 0.864063 0.632812 0.864063 0.634375 0.865625 0.634375 0.865625 0.632812 0.867188 0.63125 0.867188 0.607813 0.865625 0.60625
0 0.757812 0.01875 0.75625 0.0203125 0.75625 0.0765625 0.757812 0.078125 0.757812 0.096875 0.759375 0.0984375 0.759375 0.101562 0.764063 0.10625 0.767187 0.10625 0.76875 0.104687 0.770312 0.104687 0.771875 0.103125 0.771875 0.090625 0.770312 0.0890625 0.770312 0.08125 0.76875 0.0796875 0.76875 0.06875 0.767187 0.0671875 0.767187 0.021875 0.764063 0.01875
0 0.201562 0.56875 0.2 0.570312 0.2 0.615625 0.201562 0.617188 0.201562 0.620312 0.203125 0.620312 0.203125 0.617188 0.204688 0.615625 0.204688 0.589062 0.20625 0.5875 0.20625 0.579687 0.207812 0.578125 0.207812 0.575 0.209375 0.573437 0.209375 0.571875 0.207812 0.570312 0.20625 0.570312 0.204688 0.56875
0 0.614062 0.667187 0.614062 0.675 0.6125 0.676562 0.6125 0.684375 0.614062 0.685938 0.614062 0.690625 0.615625 0.690625 0.615625 0.6875 0.617188 0.685938 0.617188 0.675 0.615625 0.673437 0.615625 0.667187
0 0.620312 0.0140625 0.61875 0.015625 0.61875 0.0453125 0.620312 0.046875 0.621875 0.046875 0.623438 0.0453125 0.623438 0.015625 0.621875 0.0140625
0 0.720312 0.85625 0.71875 0.857812 0.71875 0.885937 0.720312 0.8875 0.720312 0.889062 0.721875 0.889062 0.721875 0.8875 0.723437 0.885937 0.723437 0.864063 0.725 0.8625 0.725 0.857812 0.723437 0.857812 0.721875 0.85625
0 0.514063 0.91875 0.507812 0.925 0.50625 0.925 0.5 0.93125 0.498438 0.93125 0.496875 0.932812 0.492188 0.932812 0.489062 0.935937 0.489062 0.9375 0.4875 0.939062 0.489062 0.940625 0.489062 0.942188 0.49375 0.942188 0.495312 0.940625 0.496875 0.940625 0.501562 0.935937 0.504687 0.935937 0.50625 0.934375 0.507812 0.934375 0.5125 0.929688 0.514063 0.929688 0.515625 0.928125 0.517187 0.928125 0.521875 0.923437 0.521875 0.920312 0.520312 0.91875
0 0.582812 0.425 0.58125 0.426562 0.58125 0.485937 0.582812 0.4875 0.582812 0.489062 0.584375 0.490625 0.585938 0.489062 0.589062 0.489062 0.590625 0.4875 0.590625 0.484375 0.592188 0.482813 0.592188 0.460938 0.590625 0.459375 0.590625 0.426562 0.5875 0.426562 0.585938 0.425
0 0.932812 0.40625 0.93125 0.407812 0.93125 0.421875 0.932812 0.423437 0.932812 0.425 0.934375 0.425 0.934375 0.423437 0.935937 0.421875 0.935937 0.407812 0.934375 0.40625
0 0.539062 0.05625 0.5375 0.0578125 0.5375 0.0609375 0.535937 0.0625 0.535937 0.0640625 0.532812 0.0671875 0.532812 0.06875 0.53125 0.0703125 0.53125 0.078125 0.532812 0.0796875 0.532812 0.08125 0.534375 0.08125 0.534375 0.0796875 0.535937 0.078125 0.535937 0.075 0.540625 0.0703125 0.540625 0.06875 0.542187 0.0671875 0.542187 0.065625 0.54375 0.0640625 0.54375 0.0625 0.545313 0.0609375 0.546875 0.0609375 0.546875 0.0578125 0.545313 0.05625
0 0.770312 0.125 0.76875 0.126563 0.76875 0.148438 0.770312 0.15 0.770312 0.151562 0.771875 0.151562 0.771875 0.15 0.773438 0.148438 0.773438 0.135937 0.775 0.134375 0.775 0.126563 0.773438 0.126563 0.771875 0.125
0 0.964062 0.6625 0.9625 0.664062 0.9625 0.698437 0.964062 0.7 0.964062 0.701563 0.965625 0.701563 0.967187 0.7 0.967187 0.696875 0.96875 0.695312 0.96875 0.665625 0.965625 0.6625
0 0.657812 0.71875 0.65625 0.720312 0.65625 0.765625 0.657812 0.767187 0.659375 0.767187 0.660937 0.765625 0.6625 0.765625 0.6625 0.720312 0.660937 0.720312 0.659375 0.71875
0 0.170312 0.75 0.16875 0.751562 0.16875 0.796875 0.170312 0.798437 0.170312 0.801562 0.171875 0.801562 0.171875 0.798437 0.173438 0.796875 0.173438 0.775 0.175 0.773438 0.175 0.751562 0.173438 0.751562 0.171875 0.75
0 0.726562 0.0125 0.725 0.0140625 0.725 0.0953125 0.726562 0.096875 0.726562 0.101562 0.73125 0.10625 0.734375 0.10625 0.7375 0.103125 0.7375 0.0859375 0.735937 0.084375 0.735937 0.046875 0.734375 0.0453125 0.734375 0.015625 0.732813 0.0140625 0.73125 0.0140625 0.729687 0.0125
0 0.815625 0.795313 0.814062 0.796875 0.814062 0.828125 0.81875 0.828125 0.820312 0.826563 0.821875 0.826563 0.821875 0.823437 0.823437 0.821875 0.823437 0.820312 0.821875 0.81875 0.821875 0.803125 0.823437 0.801562 0.823437 0.798437 0.825 0.796875 0.823437 0.795313
0 0.789062 0.20625 0.7875 0.207812 0.7875 0.221875 0.789062 0.223437 0.790625 0.223437 0.792187 0.221875 0.792187 0.207812 0.790625 0.20625
0 0.645312 0.41875 0.64375 0.420313 0.64375 0.445312 0.645312 0.446875 0.646875 0.446875 0.648438 0.445312 0.648438 0.420313 0.646875 0.41875
0 0.539062 0.720312 0.539062 0.765625 0.540625 0.765625 0.540625 0.720312
0 0.760937 0.9 0.759375 0.901562 0.757812 0.901562 0.757812 0.903125 0.75625 0.904687 0.75625 0.90625 0.754687 0.907812 0.754687 0.909375 0.75 0.914062 0.75 0.915625 0.746875 0.91875 0.745312 0.91875 0.745312 0.920312 0.74375 0.921875 0.74375 0.929688 0.745312 0.93125 0.745312 0.932812 0.746875 0.932812 0.754687 0.925 0.754687 0.923437 0.759375 0.91875 0.759375 0.917187 0.760937 0.915625 0.760937 0.914062 0.767187 0.907812 0.767187 0.904687 0.76875 0.903125 0.76875 0.901562 0.767187 0.901562 0.765625 0.9
0 0.714062 0.207812 0.714062 0.232812 0.715625 0.232812 0.715625 0.229688 0.717188 0.228125 0.717188 0.215625 0.71875 0.214063 0.71875 0.2125 0.720312 0.210938 0.720312 0.209375 0.71875 0.207812
0 0.414062 0.475 0.4125 0.476562 0.4125 0.496875 0.414062 0.498438 0.414062 0.5 0.415625 0.5 0.415625 0.498438 0.417187 0.496875 0.417187 0.476562 0.415625 0.475
0 0.489062 0.63125 0.4875 0.632812 0.4875 0.665625 0.489062 0.667187 0.490625 0.667187 0.492188 0.665625 0.492188 0.632812 0.490625 0.63125
0 0.601562 0.775 0.6 0.776562 0.6 0.792187 0.601562 0.79375 0.601562 0.795313 0.603125 0.796875 0.607813 0.796875 0.609375 0.795313 0.609375 0.78125 0.607813 0.779688 0.607813 0.776562 0.60625 0.776562 0.604687 0.775
0 0.489062 0.154687 0.489062 0.159375 0.4875 0.160937 0.4875 0.175 0.489062 0.176562 0.489062 0.178125 0.490625 0.178125 0.492188 0.176562 0.492188 0.157813 0.490625 0.15625 0.490625 0.154687
0 0.714062 0.207812 0.714062 0.239062 0.715625 0.239062 0.717188 0.2375 0.717188 0.235937 0.71875 0.234375 0.71875 0.229688 0.720312 0.228125 0.720312 0.209375 0.71875 0.207812
0 0.539062 0.559375 0.539062 0.578125 0.540625 0.578125 0.540625 0.559375
0 0.439062 0.0328125 0.439062 0.04375 0.4375 0.0453125 0.4375 0.0484375 0.439062 0.05 0.439062 0.0578125 0.442187 0.0609375 0.44375 0.0609375 0.445312 0.0625 0.446875 0.0625 0.446875 0.0609375 0.448437 0.059375 0.448437 0.0546875 0.446875 0.053125 0.446875 0.05 0.44375 0.046875 0.44375 0.0453125 0.442187 0.04375 0.442187 0.0359375 0.440625 0.034375 0.440625 0.0328125
0 0.657812 0.71875 0.65625 0.720312 0.65625 0.765625 0.657812 0.767187 0.659375 0.767187 0.660937 0.765625 0.6625 0.765625 0.664062 0.764063 0.664062 0.720312 0.6625 0.720312 0.660937 0.71875
0 0.257812 0.553125 0.257812 0.579687 0.259375 0.579687 0.259375 0.553125
0 0.634375 0.25 0.63125 0.253125 0.63125 0.278125 0.632812 0.279687 0.632812 0.282812 0.634375 0.282812 0.634375 0.28125 0.635937 0.279687 0.635937 0.267187 0.6375 0.265625 0.6375 0.25625 0.639063 0.254687 0.639063 0.253125 0.6375 0.251562 0.635937 0.251562
0 0.0140625 0.21875 0.0125 0.220312 0.0125 0.225 0.0109375 0.226562 0.0109375 0.23125 0.009375 0.232812 0.009375 0.234375 0.0078125 0.235937 0.0078125 0.240625 0.00625 0.242188 0.00625 0.264062 0.0078125 0.265625 0.0109375 0.265625 0.0109375 0.2625 0.0125 0.260938 0.0125 0.259375 0.0140625 0.257812 0.0140625 0.25625 0.015625 0.254687 0.015625 0.253125 0.0171875 0.251562 0.0171875 0.239062 0.01875 0.2375 0.01875 0.232812 0.0203125 0.23125 0.0203125 0.228125 0.021875 0.226562 0.021875 0.220312 0.0203125 0.220312 0.01875 0.21875
0 0.901562 0.83125 0.9 0.832813 0.9 0.846875 0.901562 0.848438 0.903125 0.848438 0.904687 0.846875 0.904687 0.845312 0.90625 0.84375 0.90625 0.842187 0.907812 0.840625 0.907812 0.839062 0.909375 0.8375 0.909375 0.832813 0.907812 0.83125
0 0.345312 0.5375 0.34375 0.539062 0.34375 0.579687 0.345312 0.58125 0.345312 0.582812 0.35 0.582812 0.353125 0.579687 0.353125 0.578125 0.354688 0.576563 0.354688 0.55625 0.353125 0.554688 0.353125 0.539062 0.351562 0.539062 0.35 0.5375
0 0.0953125 0.3875 0.09375 0.389062 0.09375 0.426562 0.0953125 0.428125 0.1 0.428125 0.101562 0.426562 0.101562 0.423437 0.103125 0.421875 0.103125 0.407812 0.104687 0.40625 0.104687 0.389062 0.103125 0.3875
0 0.707812 0.00625 0.70625 0.0078125 0.70625 0.028125 0.707812 0.0296875 0.709375 0.0296875 0.710938 0.028125 0.7125 0.028125 0.7125 0.0125 0.710938 0.0109375 0.710938 0.0078125 0.709375 0.00625
0 0.614062 0.645312 0.614062 0.65625 0.615625 0.657812 0.615625 0.664062 0.614062 0.665625 0.614062 0.675 0.6125 0.676562 0.6125 0.689062 0.614062 0.690625 0.615625 0.690625 0.617188 0.689062 0.617188 0.66875 0.615625 0.667187 0.615625 0.65625 0.617188 0.654688 0.617188 0.65 0.61875 0.648438 0.61875 0.646875 0.617188 0.645312
0 0.464062 0.710938 0.464062 0.726562 0.4625 0.728125 0.4625 0.7375 0.464062 0.739062 0.464062 0.742188 0.465625 0.742188 0.465625 0.739062 0.467188 0.7375 0.467188 0.728125 0.465625 0.726562 0.465625 0.710938
0 0.989063 0.570312 0.9875 0.571875 0.9875 0.578125 0.989063 0.579687 0.989063 0.598437 0.990625 0.598437 0.990625 0.579687 0.992188 0.578125 0.992188 0.571875 0.990625 0.570312
0 0.970312 0.95 0.96875 0.951562 0.96875 0.965625 0.970312 0.967187 0.971875 0.967187 0.973438 0.965625 0.975 0.965625 0.975 0.9625 0.976562 0.960938 0.976562 0.957813 0.978125 0.95625 0.978125 0.953125 0.976562 0.951562 0.975 0.951562 0.973438 0.95
0 0.782812 0.03125 0.78125 0.0328125 0.78125 0.059375 0.782812 0.0609375 0.782812 0.0625 0.784375 0.0625 0.7875 0.059375 0.7875 0.0515625 0.789062 0.05 0.789062 0.0328125 0.7875 0.0328125 0.785937 0.03125
0 0.384375 0.851562 0.382812 0.853125 0.382812 0.889062 0.384375 0.889062
0 0.734375 0.6625 0.73125 0.665625 0.73125 0.6875 0.732813 0.689062 0.732813 0.690625 0.734375 0.690625 0.735937 0.689062 0.735937 0.685938 0.7375 0.684375 0.7375 0.68125 0.739062 0.679688 0.739062 0.678125 0.740625 0.676562 0.740625 0.670313 0.742188 0.66875 0.742188 0.665625 0.739062 0.6625
0 0.782812 0.3 0.78125 0.301562 0.78125 0.315625 0.782812 0.317187 0.782812 0.320312 0.784375 0.320312 0.785937 0.31875 0.785937 0.317187 0.7875 0.315625 0.789062 0.315625 0.789062 0.314062 0.790625 0.3125 0.790625 0.301562 0.789062 0.301562 0.7875 0.3
0 0.689062 0.4625 0.6875 0.464062 0.6875 0.471875 0.689062 0.473437 0.689062 0.476562 0.690625 0.476562 0.690625 0.475 0.692187 0.473437 0.692187 0.471875 0.69375 0.470312 0.69375 0.464062 0.692187 0.464062 0.690625 0.4625
0 0.489062 0.63125 0.4875 0.632812 0.4875 0.665625 0.489062 0.667187 0.490625 0.667187 0.492188 0.665625 0.492188 0.660937 0.49375 0.659375 0.49375 0.632812 0.492188 0.632812 0.490625 0.63125
0
0 0.445312 0.81875 0.44375 0.820312 0.44375 0.853125 0.445312 0.854687 0.445312 0.85625 0.446875 0.85625 0.45 0.853125 0.45 0.842187 0.448437 0.840625 0.448437 0.820312 0.446875 0.81875
