0 0.0890625 0.11875 0.0875 0.120312 0.0875 0.121875 0.0859375 0.123438 0.0859375 0.125 0.0828125 0.128125 0.0828125 0.129688 0.08125 0.13125 0.08125 0.135937 0.0765625 0.140625 0.0765625 0.142188 0.075 0.14375 0.075 0.153125 0.0765625 0.154687 0.08125 0.154687 0.0828125 0.153125 0.084375 0.153125 0.084375 0.151562 0.0859375 0.15 0.0859375 0.145313 0.090625 0.140625 0.090625 0.139062 0.0921875 0.1375 0.0921875 0.132812 0.09375 0.13125 0.09375 0.129688 0.0953125 0.128125 0.096875 0.128125 0.096875 0.125 0.0984375 0.123438 0.0984375 0.120312 0.096875 0.11875
0 0.153125 0.4375 0.15 0.440625 0.15 0.445312 0.148438 0.446875 0.148438 0.448438 0.146875 0.45 0.145313 0.45 0.145313 0.451562 0.14375 0.453125 0.14375 0.45625 0.139062 0.460938 0.139062 0.4625 0.1375 0.464063 0.1375 0.471875 0.139062 0.473437 0.146875 0.473437 0.148438 0.471875 0.148438 0.467187 0.15 0.465625 0.15 0.464063 0.154687 0.459375 0.154687 0.45625 0.15625 0.454688 0.15625 0.453125 0.159375 0.45 0.159375 0.448438 0.160938 0.446875 0.160938 0.445312 0.1625 0.44375 0.1625 0.442187 0.164062 0.440625 0.164062 0.439063 0.1625 0.439063 0.160938 0.4375
0 0.0484375 0.31875 0.046875 0.320312 0.0453125 0.320312 0.0453125 0.321875 0.04375 0.323438 0.04375 0.326562 0.0375 0.332812 0.0375 0.348437 0.0390625 0.35 0.0390625 0.353125 0.040625 0.353125 0.040625 0.351562 0.0421875 0.35 0.0421875 0.346875 0.0484375 0.340625 0.0484375 0.3375 0.05 0.335938 0.05 0.334375 0.053125 0.33125 0.053125 0.329688 0.0546875 0.328125 0.0546875 0.326562 0.059375 0.321875 0.0578125 0.320312 0.05625 0.320312 0.0546875 0.31875
0 0.08125 0.7 0.0796875 0.701563 0.078125 0.701563 0.0765625 0.703125 0.0765625 0.70625 0.075 0.707812 0.075 0.715625 0.0734375 0.717188 0.0734375 0.720312 0.0703125 0.723437 0.0703125 0.725 0.06875 0.726562 0.06875 0.742188 0.071875 0.745313 0.0734375 0.74375 0.075 0.74375 0.078125 0.740625 0.078125 0.739062 0.0796875 0.7375 0.0796875 0.728125 0.08125 0.726562 0.08125 0.725 0.084375 0.721875 0.084375 0.71875 0.0859375 0.717188 0.0859375 0.709375 0.0875 0.707812 0.0875 0.70625 0.090625 0.703125 0.0890625 0.701563 0.0875 0.701563 0.0859375 0.7
0 0.214062 0.31875 0.20625 0.326562 0.20625 0.329688 0.204688 0.33125 0.204688 0.332812 0.201562 0.335938 0.201562 0.3375 0.2 0.339063 0.2 0.348437 0.201562 0.35 0.201562 0.351562 0.203125 0.351562 0.204688 0.35 0.20625 0.35 0.207813 0.348437 0.209375 0.348437 0.209375 0.346875 0.210938 0.345313 0.210938 0.340625 0.217187 0.334375 0.217187 0.33125 0.21875 0.329688 0.21875 0.328125 0.221875 0.325 0.221875 0.323438 0.223438 0.321875 0.223438 0.320312 0.221875 0.31875
0 0.514063 0.6 0.507812 0.60625 0.507812 0.609375 0.50625 0.610937 0.50625 0.620313 0.504687 0.621875 0.504687 0.623438 0.501562 0.626562 0.501562 0.628125 0.5 0.629687 0.5 0.646875 0.501562 0.648438 0.50625 0.648438 0.507812 0.646875 0.509375 0.646875 0.509375 0.645312 0.510938 0.64375 0.510938 0.634375 0.5125 0.632812 0.5125 0.63125 0.515625 0.628125 0.515625 0.626562 0.517187 0.625 0.517187 0.614062 0.51875 0.6125 0.51875 0.610937 0.521875 0.607813 0.521875 0.604688 0.523438 0.603125 0.520312 0.6
0 0.121875 0.7375 0.11875 0.740625 0.11875 0.746875 0.117188 0.748438 0.117188 0.75 0.115625 0.751562 0.115625 0.753125 0.114063 0.754687 0.114063 0.75625 0.1125 0.757812 0.1125 0.771875 0.114063 0.773438 0.114063 0.775 0.115625 0.775 0.121875 0.76875 0.121875 0.767187 0.123438 0.765625 0.123438 0.759375 0.125 0.757812 0.125 0.75625 0.129688 0.751562 0.129688 0.74375 0.13125 0.742188 0.13125 0.739062 0.129688 0.739062 0.128125 0.7375
0 0.320312 0.38125 0.31875 0.382812 0.31875 0.384375 0.314063 0.389062 0.314063 0.390625 0.3125 0.392188 0.3125 0.403125 0.314063 0.404687 0.315625 0.404687 0.323438 0.396875 0.323438 0.395312 0.329688 0.389062 0.329688 0.382812 0.328125 0.38125
0 0.51875 0.06875 0.517187 0.0703125 0.514063 0.0703125 0.514063 0.071875 0.5125 0.0734375 0.5125 0.0765625 0.50625 0.0828125 0.50625 0.096875 0.507812 0.0984375 0.509375 0.0984375 0.510938 0.096875 0.510938 0.0953125 0.515625 0.090625 0.515625 0.0890625 0.517187 0.0875 0.517187 0.084375 0.523438 0.078125 0.523438 0.075 0.526563 0.071875 0.523438 0.06875
0 0.714063 0.6375 0.7125 0.639063 0.710938 0.639063 0.709375 0.640625 0.709375 0.642187 0.707812 0.64375 0.707812 0.645312 0.70625 0.646875 0.70625 0.651563 0.704687 0.653125 0.704687 0.654688 0.701563 0.657812 0.701563 0.659375 0.7 0.660937 0.7 0.673437 0.701563 0.675 0.701563 0.676562 0.703125 0.676562 0.704687 0.675 0.70625 0.675 0.707812 0.673437 0.709375 0.673437 0.709375 0.671875 0.710938 0.670313 0.710938 0.664062 0.7125 0.6625 0.7125 0.660937 0.714063 0.659375 0.714063 0.657812 0.715625 0.65625 0.715625 0.654688 0.717188 0.653125 0.717188 0.646875 0.71875 0.645312 0.71875 0.64375 0.721875 0.640625 0.721875 0.639063 0.71875 0.639063 0.717188 0.6375
0 0.0453125 0.48125 0.04375 0.482812 0.0421875 0.482812 0.0390625 0.485938 0.0390625 0.4875 0.0375 0.489062 0.0375 0.490625 0.0328125 0.495313 0.0328125 0.496875 0.03125 0.498437 0.03125 0.5125 0.0328125 0.514063 0.0328125 0.515625 0.034375 0.515625 0.034375 0.514063 0.0359375 0.5125 0.0359375 0.509375 0.0421875 0.503125 0.0421875 0.5 0.04375 0.498437 0.04375 0.496875 0.0484375 0.492188 0.0484375 0.489062 0.053125 0.484375 0.053125 0.482812 0.0515625 0.482812 0.05 0.48125
0 0.301562 0.88125 0.3 0.882812 0.3 0.884375 0.298438 0.885938 0.298438 0.889063 0.295312 0.892187 0.295312 0.89375 0.29375 0.895312 0.29375 0.914062 0.295312 0.915625 0.298438 0.915625 0.303125 0.910937 0.303125 0.909375 0.304688 0.907812 0.304688 0.898438 0.30625 0.896875 0.30625 0.895312 0.309375 0.892187 0.309375 0.890625 0.310937 0.889063 0.310937 0.882812 0.309375 0.88125
0 0.292188 0.3625 0.290625 0.364062 0.289062 0.364062 0.289062 0.365625 0.2875 0.367188 0.2875 0.384375 0.289062 0.385938 0.290625 0.385938 0.292188 0.384375 0.292188 0.382812 0.296875 0.378125 0.296875 0.375 0.298438 0.373437 0.298438 0.367188 0.3 0.365625 0.296875 0.3625
0 0.346875 0.00625 0.339063 0.0140625 0.339063 0.015625 0.332812 0.021875 0.332812 0.0234375 0.33125 0.025 0.33125 0.0296875 0.332812 0.03125 0.332812 0.034375 0.339063 0.034375 0.342187 0.03125 0.342187 0.0296875 0.34375 0.028125 0.34375 0.0265625 0.345313 0.025 0.346875 0.025 0.346875 0.0234375 0.354688 0.015625 0.354688 0.0140625 0.359375 0.009375 0.359375 0.0078125 0.357812 0.0078125 0.35625 0.00625
0 0.576563 0.1 0.575 0.101562 0.573438 0.101562 0.570312 0.104687 0.570312 0.10625 0.56875 0.107813 0.56875 0.114063 0.567187 0.115625 0.567187 0.117188 0.565625 0.11875 0.564062 0.11875 0.564062 0.120312 0.5625 0.121875 0.5625 0.1375 0.564062 0.139062 0.564062 0.140625 0.565625 0.140625 0.565625 0.139062 0.567187 0.1375 0.567187 0.135937 0.56875 0.134375 0.56875 0.132812 0.571875 0.129688 0.571875 0.128125 0.573438 0.126563 0.573438 0.120312 0.578125 0.115625 0.578125 0.1125 0.579687 0.110937 0.579687 0.10625 0.58125 0.104687 0.58125 0.101562 0.579687 0.101562 0.578125 0.1
0 0.215625 0.75625 0.2125 0.759375 0.2125 0.7625 0.210938 0.764063 0.210938 0.765625 0.209375 0.767187 0.207813 0.767187 0.207813 0.76875 0.20625 0.770312 0.20625 0.778125 0.209375 0.78125 0.214062 0.78125 0.217187 0.778125 0.217187 0.773438 0.21875 0.771875 0.21875 0.770312 0.223438 0.765625 0.223438 0.757812 0.221875 0.75625
0 0.414062 0.0625 0.4125 0.0640625 0.4125 0.065625 0.409375 0.06875 0.409375 0.0703125 0.407813 0.071875 0.407813 0.0734375 0.40625 0.075 0.40625 0.078125 0.401563 0.0828125 0.401563 0.084375 0.4 0.0859375 0.4 0.096875 0.401563 0.0984375 0.401563 0.1 0.404687 0.1 0.40625 0.0984375 0.407813 0.0984375 0.409375 0.096875 0.409375 0.0953125 0.410937 0.09375 0.410937 0.090625 0.4125 0.0890625 0.4125 0.0875 0.417188 0.0828125 0.417188 0.078125 0.41875 0.0765625 0.41875 0.075 0.423438 0.0703125 0.423438 0.0640625 0.421875 0.0625
0 0.101562 0.875 0.09375 0.882812 0.09375 0.903125 0.0953125 0.904688 0.096875 0.904688 0.0984375 0.903125 0.0984375 0.9 0.1 0.898438 0.1 0.896875 0.103125 0.89375 0.103125 0.892187 0.104687 0.890625 0.104687 0.882812 0.10625 0.88125 0.10625 0.879687 0.107813 0.878125 0.107813 0.876562 0.10625 0.876562 0.104687 0.875
0 0.2625 0.26875 0.260938 0.270312 0.259375 0.270312 0.257812 0.271875 0.257812 0.275 0.25625 0.276563 0.25625 0.282813 0.251563 0.2875 0.251563 0.289062 0.25 0.290625 0.25 0.303125 0.251563 0.304688 0.251563 0.30625 0.25625 0.30625 0.257812 0.304688 0.259375 0.304688 0.259375 0.303125 0.260938 0.301562 0.260938 0.295312 0.2625 0.29375 0.2625 0.290625 0.265625 0.2875 0.265625 0.285937 0.267188 0.284375 0.267188 0.276563 0.271875 0.271875 0.271875 0.270312 0.26875 0.270312 0.267188 0.26875
0 0.784375 0.8375 0.78125 0.840625 0.78125 0.848437 0.779688 0.85 0.779688 0.853125 0.778125 0.854688 0.778125 0.85625 0.776563 0.857813 0.776563 0.860937 0.775 0.8625 0.775 0.884375 0.776563 0.885938 0.778125 0.885938 0.779688 0.884375 0.78125 0.884375 0.78125 0.882812 0.782812 0.88125 0.782812 0.879687 0.784375 0.878125 0.784375 0.875 0.785937 0.873438 0.785937 0.859375 0.7875 0.857813 0.7875 0.854688 0.790625 0.851562 0.790625 0.846875 0.792188 0.845312 0.792188 0.839063 0.790625 0.8375
0 0.496875 0 0.496875 0.0015625 0.495313 0.003125 0.495313 0.0046875 0.492188 0.0078125 0.492188 0.009375 0.4875 0.0140625 0.4875 0.021875 0.489062 0.0234375 0.490625 0.0234375 0.495313 0.01875 0.496875 0.01875 0.496875 0.0171875 0.5 0.0140625 0.5 0.0125 0.501562 0.0109375 0.503125 0.0109375 0.504687 0.009375 0.504687 0.0078125 0.510938 0.0015625 0.510938 0
0 0.620313 0.55 0.61875 0.551562 0.614062 0.551562 0.614062 0.559375 0.60625 0.567187 0.60625 0.56875 0.604688 0.570312 0.604688 0.571875 0.6 0.576563 0.6 0.590625 0.601562 0.592188 0.603125 0.592188 0.604688 0.590625 0.604688 0.589063 0.610937 0.582812 0.610937 0.578125 0.6125 0.576563 0.6125 0.575 0.614062 0.573438 0.615625 0.573438 0.615625 0.571875 0.617188 0.570312 0.617188 0.564062 0.621875 0.559375 0.621875 0.554688 0.623438 0.553125
0 0.01875 0.09375 0.0171875 0.0953125 0.0140625 0.0953125 0.0140625 0.101562 0.0125 0.103125 0.0125 0.107813 0.0109375 0.109375 0.0109375 0.110937 0.0046875 0.117188 0 0.117188 0 0.134375 0.003125 0.134375 0.0046875 0.132812 0.0046875 0.13125 0.0078125 0.128125 0.0078125 0.126563 0.009375 0.125 0.009375 0.123438 0.0109375 0.121875 0.0109375 0.11875 0.015625 0.114063 0.015625 0.109375 0.0171875 0.107813 0.0171875 0.10625 0.01875 0.104687 0.0203125 0.104687 0.0234375 0.101562 0.0234375 0.0984375 0.025 0.096875 0.021875 0.09375
0 0.725 0.83125 0.723437 0.832812 0.721875 0.832812 0.720312 0.834375 0.720312 0.835938 0.71875 0.8375 0.71875 0.840625 0.717188 0.842188 0.717188 0.84375 0.714063 0.846875 0.714063 0.848437 0.7125 0.85 0.7125 0.859375 0.714063 0.860937 0.717188 0.860937 0.71875 0.859375 0.71875 0.857813 0.723437 0.853125 0.723437 0.845312 0.728125 0.840625 0.728125 0.839063 0.729688 0.8375 0.729688 0.832812 0.728125 0.83125
0 0.101562 0.50625 0.0984375 0.509375 0.0984375 0.510938 0.096875 0.5125 0.0953125 0.5125 0.0953125 0.514063 0.09375 0.515625 0.09375 0.520312 0.0875 0.526563 0.0875 0.534375 0.090625 0.5375 0.0921875 0.535937 0.09375 0.535937 0.0953125 0.534375 0.096875 0.534375 0.096875 0.532812 0.0984375 0.53125 0.0984375 0.526563 0.104687 0.520312 0.104687 0.514063 0.109375 0.509375 0.109375 0.507812 0.107813 0.50625
0 0.101562 0.25625 0.1 0.257812 0.1 0.260938 0.0984375 0.2625 0.0984375 0.264062 0.0953125 0.267188 0.0953125 0.26875 0.09375 0.270312 0.09375 0.282813 0.0953125 0.284375 0.0984375 0.284375 0.101562 0.28125 0.103125 0.28125 0.103125 0.279687 0.104687 0.278125 0.104687 0.271875 0.10625 0.270312 0.10625 0.26875 0.110937 0.264062 0.110937 0.257812 0.109375 0.25625
0 0.628125 0.00625 0.625 0.009375 0.625 0.025 0.626562 0.0265625 0.626562 0.028125 0.628125 0.028125 0.628125 0.0265625 0.629687 0.025 0.629687 0.021875 0.63125 0.0203125 0.63125 0.01875 0.634375 0.015625 0.634375 0.0140625 0.635938 0.0125 0.635938 0.0078125 0.634375 0.00625
0 0.740625 0.0375 0.7375 0.040625 0.7375 0.04375 0.735937 0.0453125 0.735937 0.0484375 0.732813 0.0515625 0.732813 0.0546875 0.73125 0.05625 0.73125 0.071875 0.732813 0.0734375 0.732813 0.075 0.734375 0.075 0.7375 0.071875 0.7375 0.0703125 0.740625 0.0671875 0.740625 0.065625 0.742188 0.0640625 0.742188 0.0578125 0.74375 0.05625 0.74375 0.0546875 0.746875 0.0515625 0.746875 0.0484375 0.748438 0.046875 0.748438 0.04375 0.75 0.0421875 0.75 0.0390625 0.748438 0.0390625 0.746875 0.0375
0 0.926562 0.7625 0.925 0.764063 0.925 0.7875 0.926562 0.789062 0.926562 0.790625 0.928125 0.790625 0.928125 0.789062 0.929688 0.7875 0.929688 0.78125 0.93125 0.779688 0.93125 0.776563 0.934375 0.773438 0.934375 0.770312 0.935938 0.76875 0.935938 0.765625 0.932813 0.7625
0 0.551562 0.25625 0.55 0.257812 0.55 0.279687 0.551562 0.28125 0.551562 0.282813 0.553125 0.282813 0.554688 0.28125 0.554688 0.276563 0.55625 0.275 0.55625 0.271875 0.559375 0.26875 0.559375 0.267188 0.560938 0.265625 0.560938 0.257812 0.559375 0.25625
0 0.545313 0.525 0.54375 0.526563 0.54375 0.529688 0.542188 0.53125 0.542188 0.534375 0.5375 0.539062 0.5375 0.542188 0.534375 0.545313 0.534375 0.546875 0.53125 0.55 0.53125 0.559375 0.534375 0.5625 0.535937 0.560938 0.540625 0.560938 0.540625 0.559375 0.542188 0.557813 0.542188 0.553125 0.546875 0.548437 0.546875 0.546875 0.548437 0.545313 0.548437 0.540625 0.55 0.539062 0.55 0.5375 0.551562 0.535937 0.553125 0.535937 0.553125 0.534375 0.554688 0.532812 0.554688 0.526563 0.553125 0.525
0 0.626562 0.35 0.625 0.351562 0.625 0.353125 0.623438 0.354688 0.623438 0.35625 0.620313 0.359375 0.620313 0.360938 0.61875 0.3625 0.61875 0.371875 0.620313 0.373437 0.621875 0.373437 0.623438 0.371875 0.623438 0.370313 0.629687 0.364062 0.629687 0.3625 0.63125 0.360938 0.63125 0.359375 0.635938 0.354688 0.635938 0.351562 0.634375 0.35
0 0.851562 0.5125 0.85 0.514063 0.85 0.51875 0.848437 0.520312 0.848437 0.521875 0.84375 0.526563 0.84375 0.540625 0.845312 0.542188 0.845312 0.54375 0.846875 0.54375 0.846875 0.542188 0.848437 0.540625 0.848437 0.5375 0.85 0.535937 0.85 0.534375 0.853125 0.53125 0.853125 0.529688 0.854688 0.528125 0.854688 0.523438 0.85625 0.521875 0.85625 0.520312 0.859375 0.517187 0.859375 0.514063 0.857813 0.5125
0 0.970312 0.6875 0.96875 0.689062 0.96875 0.714063 0.970312 0.715625 0.971875 0.715625 0.973437 0.714063 0.973437 0.7 0.975 0.698438 0.975 0.695312 0.976562 0.69375 0.976562 0.692187 0.978125 0.690625 0.978125 0.689062 0.975 0.689062 0.973437 0.6875
0 0.275 0.80625 0.273438 0.807813 0.270312 0.807813 0.270312 0.810938 0.26875 0.8125 0.26875 0.820312 0.2625 0.826563 0.2625 0.83125 0.260938 0.832812 0.260938 0.834375 0.25625 0.839063 0.25625 0.853125 0.257812 0.854688 0.259375 0.854688 0.260938 0.853125 0.260938 0.85 0.2625 0.848437 0.2625 0.846875 0.265625 0.84375 0.265625 0.842188 0.267188 0.840625 0.267188 0.8375 0.26875 0.835938 0.26875 0.832812 0.270312 0.83125 0.270312 0.829687 0.271875 0.828125 0.271875 0.825 0.273438 0.823438 0.273438 0.820312 0.276563 0.817187 0.278125 0.817187 0.278125 0.814062 0.279687 0.8125 0.279687 0.807813 0.278125 0.80625
0 0.134375 0.3125 0.128125 0.31875 0.126563 0.31875 0.125 0.320312 0.125 0.328125 0.126563 0.329688 0.132812 0.329688 0.142188 0.320312 0.142188 0.31875 0.145313 0.315625 0.145313 0.314063 0.14375 0.314063 0.142188 0.3125
0 0.26875 0.475 0.267188 0.476562 0.265625 0.476562 0.2625 0.479688 0.260938 0.479688 0.259375 0.48125 0.257812 0.48125 0.25625 0.482812 0.25625 0.490625 0.257812 0.492188 0.260938 0.492188 0.265625 0.4875 0.267188 0.4875 0.26875 0.485938 0.271875 0.485938 0.273438 0.484375 0.275 0.484375 0.275 0.482812 0.276563 0.48125 0.278125 0.48125 0.279687 0.479688 0.282813 0.479688 0.284375 0.478125 0.284375 0.476562 0.282813 0.476562 0.28125 0.475
0 0.151562 0.8 0.15 0.801562 0.15 0.803125 0.148438 0.804688 0.148438 0.80625 0.145313 0.809375 0.145313 0.8125 0.14375 0.814062 0.14375 0.832812 0.145313 0.834375 0.148438 0.834375 0.148438 0.832812 0.153125 0.828125 0.153125 0.825 0.154687 0.823438 0.154687 0.814062 0.15625 0.8125 0.15625 0.810938 0.159375 0.807813 0.159375 0.804688 0.160938 0.803125 0.157813 0.8
0 0.515625 0.4625 0.5125 0.465625 0.5125 0.46875 0.510938 0.470313 0.510938 0.471875 0.507812 0.475 0.507812 0.476562 0.50625 0.478125 0.50625 0.496875 0.507812 0.498437 0.510938 0.498437 0.5125 0.496875 0.514063 0.496875 0.515625 0.495313 0.515625 0.49375 0.517187 0.492188 0.517187 0.484375 0.51875 0.482812 0.51875 0.479688 0.521875 0.476562 0.521875 0.473437 0.523438 0.471875 0.523438 0.464063 0.521875 0.4625
0 0.595312 0.79375 0.592188 0.796875 0.592188 0.801562 0.589063 0.804688 0.589063 0.807813 0.5875 0.809375 0.5875 0.828125 0.589063 0.829687 0.589063 0.83125 0.590625 0.83125 0.59375 0.828125 0.59375 0.826563 0.596875 0.823438 0.596875 0.820312 0.598437 0.81875 0.598437 0.8125 0.6 0.810938 0.6 0.807813 0.603125 0.804688 0.603125 0.801562 0.604688 0.8 0.604688 0.795313 0.603125 0.79375
0 0.189063 0.00625 0.182812 0.0125 0.182812 0.0140625 0.18125 0.015625 0.18125 0.01875 0.176563 0.0234375 0.176563 0.025 0.175 0.0265625 0.175 0.0390625 0.176563 0.040625 0.176563 0.0421875 0.178125 0.0421875 0.18125 0.0390625 0.18125 0.0375 0.182812 0.0359375 0.184375 0.0359375 0.184375 0.034375 0.185937 0.0328125 0.185937 0.0296875 0.1875 0.028125 0.1875 0.0265625 0.192188 0.021875 0.192188 0.0203125 0.19375 0.01875 0.19375 0.0171875 0.195312 0.015625 0.196875 0.015625 0.196875 0.0140625 0.198437 0.0125 0.198437 0.0078125 0.196875 0.00625
0 0.164062 0.1375 0.1625 0.139062 0.160938 0.139062 0.15625 0.14375 0.154687 0.14375 0.153125 0.145313 0.151562 0.145313 0.151562 0.146875 0.15 0.148438 0.15 0.153125 0.151562 0.154687 0.15625 0.154687 0.157813 0.153125 0.159375 0.153125 0.164062 0.148438 0.165625 0.148438 0.171875 0.142188 0.173438 0.142188 0.175 0.140625 0.171875 0.1375
0 0.395312 0.625 0.392188 0.628125 0.392188 0.629687 0.390625 0.63125 0.389062 0.63125 0.3875 0.632812 0.3875 0.634375 0.384375 0.6375 0.382812 0.6375 0.38125 0.639063 0.38125 0.640625 0.378125 0.64375 0.376563 0.64375 0.375 0.645312 0.375 0.653125 0.376563 0.654688 0.378125 0.654688 0.390625 0.642187 0.392188 0.642187 0.392188 0.640625 0.396875 0.635938 0.398438 0.635938 0.398438 0.634375 0.404687 0.628125 0.404687 0.626562 0.403125 0.625
0 0.834375 0.14375 0.832812 0.145313 0.83125 0.145313 0.83125 0.146875 0.829687 0.148438 0.829687 0.15 0.825 0.154687 0.825 0.15625 0.823438 0.157813 0.823438 0.159375 0.81875 0.164062 0.81875 0.165625 0.815625 0.16875 0.814062 0.16875 0.814062 0.170312 0.8125 0.171875 0.8125 0.179688 0.814062 0.18125 0.814062 0.182812 0.815625 0.184375 0.817187 0.182812 0.81875 0.182812 0.823438 0.178125 0.823438 0.176563 0.828125 0.171875 0.828125 0.170312 0.829687 0.16875 0.829687 0.167187 0.83125 0.165625 0.83125 0.164062 0.835938 0.159375 0.835938 0.157813 0.840625 0.153125 0.840625 0.15 0.842188 0.148438 0.842188 0.146875 0.839063 0.14375
0 0.532812 0.86875 0.53125 0.870313 0.53125 0.873438 0.529688 0.875 0.529688 0.876562 0.526563 0.879687 0.526563 0.88125 0.525 0.882812 0.525 0.898438 0.526563 0.9 0.526563 0.901563 0.528125 0.901563 0.534375 0.895312 0.534375 0.892187 0.535937 0.890625 0.535937 0.88125 0.5375 0.879687 0.5375 0.878125 0.539062 0.876562 0.539062 0.875 0.540625 0.873438 0.540625 0.870313 0.539062 0.86875
0 0.807813 0.45625 0.80625 0.457812 0.804688 0.457812 0.803125 0.459375 0.803125 0.460938 0.801562 0.4625 0.801562 0.465625 0.8 0.467187 0.8 0.492188 0.801562 0.49375 0.801562 0.495313 0.803125 0.495313 0.803125 0.49375 0.804688 0.492188 0.804688 0.484375 0.80625 0.482812 0.80625 0.479688 0.807813 0.478125 0.807813 0.476562 0.809375 0.475 0.809375 0.471875 0.810938 0.470313 0.810938 0.464063 0.8125 0.4625 0.8125 0.460938 0.814062 0.459375 0.810938 0.45625
0 0.6875 0.14375 0.682813 0.148438 0.682813 0.153125 0.68125 0.154687 0.68125 0.178125 0.682813 0.179688 0.682813 0.18125 0.684375 0.18125 0.685938 0.179688 0.685938 0.178125 0.6875 0.176563 0.6875 0.173438 0.689062 0.171875 0.689062 0.170312 0.690625 0.16875 0.690625 0.164062 0.692187 0.1625 0.692187 0.154687 0.69375 0.153125 0.69375 0.15 0.695312 0.148438 0.695312 0.145313 0.69375 0.145313 0.692187 0.14375
0 0.0078125 0.95 0.00625 0.951563 0.00625 0.960938 0.0078125 0.9625 0.0078125 0.964063 0.009375 0.964063 0.009375 0.9625 0.0109375 0.960938 0.0109375 0.95625 0.0125 0.954687 0.0125 0.951563 0.0109375 0.951563 0.009375 0.95
0 0.76875 0.09375 0.767187 0.0953125 0.765625 0.0953125 0.764063 0.096875 0.764063 0.1 0.7625 0.101562 0.7625 0.121875 0.764063 0.123438 0.765625 0.123438 0.767187 0.121875 0.767187 0.11875 0.76875 0.117188 0.76875 0.115625 0.770312 0.114063 0.770312 0.1125 0.771875 0.110937 0.771875 0.109375 0.773438 0.107813 0.773438 0.101562 0.775 0.1 0.775 0.0953125 0.773438 0.0953125 0.771875 0.09375
0 0.809375 0.58125 0.80625 0.584375 0.80625 0.5875 0.804688 0.589063 0.804688 0.590625 0.8 0.595312 0.8 0.607813 0.803125 0.610937 0.804688 0.609375 0.80625 0.609375 0.809375 0.60625 0.809375 0.604688 0.810938 0.603125 0.810938 0.6 0.8125 0.598437 0.8125 0.595312 0.815625 0.592188 0.815625 0.590625 0.817187 0.589063 0.817187 0.582812 0.815625 0.58125
0 0.0625 0.76875 0.0609375 0.770312 0.059375 0.770312 0.0578125 0.771875 0.0578125 0.778125 0.05625 0.779688 0.05625 0.804688 0.0578125 0.80625 0.0578125 0.807813 0.059375 0.807813 0.0609375 0.80625 0.0609375 0.804688 0.0625 0.803125 0.0625 0.801562 0.0640625 0.8 0.0640625 0.798437 0.065625 0.796875 0.065625 0.79375 0.0671875 0.792188 0.0671875 0.78125 0.06875 0.779688 0.06875 0.778125 0.0703125 0.776563 0.0703125 0.775 0.071875 0.773438 0.071875 0.770312 0.0703125 0.770312 0.06875 0.76875
0 0.51875 0.801562 0.515625 0.804688 0.515625 0.80625 0.514063 0.807813 0.514063 0.810938 0.5125 0.8125 0.5125 0.814062 0.510938 0.815625 0.509375 0.815625 0.509375 0.817187 0.507812 0.81875 0.507812 0.829687 0.509375 0.829687 0.509375 0.828125 0.510938 0.826563 0.510938 0.825 0.514063 0.821875 0.514063 0.820312 0.515625 0.81875 0.515625 0.817187 0.517187 0.815625 0.517187 0.814062 0.51875 0.8125 0.520312 0.8125 0.521875 0.810938 0.521875 0.809375 0.523438 0.807813 0.523438 0.804688 0.525 0.803125 0.525 0.801562
0 0.0078125 0.69375 0.00625 0.695312 0.00625 0.709375 0.0078125 0.710938 0.009375 0.710938 0.0109375 0.709375 0.0109375 0.70625 0.0125 0.704687 0.0125 0.703125 0.015625 0.7 0.015625 0.698438 0.0171875 0.696875 0.0140625 0.69375
0 0.970312 0.20625 0.96875 0.207813 0.96875 0.232812 0.971875 0.235938 0.973437 0.234375 0.973437 0.228125 0.975 0.226562 0.975 0.223438 0.976562 0.221875 0.976562 0.220313 0.978125 0.21875 0.978125 0.214062 0.979688 0.2125 0.979688 0.207813 0.978125 0.20625
0 0.034375 0.85625 0.03125 0.859375 0.03125 0.864062 0.025 0.870313 0.025 0.88125 0.0265625 0.882812 0.0265625 0.884375 0.028125 0.884375 0.0296875 0.882812 0.0296875 0.88125 0.03125 0.879687 0.03125 0.878125 0.034375 0.875 0.034375 0.873438 0.0359375 0.871875 0.0359375 0.86875 0.0375 0.867188 0.0375 0.865625 0.040625 0.8625 0.040625 0.860937 0.0421875 0.859375 0.0421875 0.857813 0.040625 0.85625
0 0.282813 0.59375 0.28125 0.595312 0.279687 0.595312 0.275 0.6 0.275 0.601562 0.273438 0.603125 0.273438 0.604688 0.271875 0.60625 0.270312 0.60625 0.270312 0.607813 0.267188 0.610937 0.267188 0.6125 0.265625 0.614062 0.264062 0.614062 0.264062 0.617188 0.2625 0.61875 0.2625 0.626562 0.264062 0.628125 0.265625 0.628125 0.271875 0.621875 0.271875 0.620313 0.273438 0.61875 0.273438 0.617188 0.279687 0.610937 0.279687 0.609375 0.285937 0.603125 0.285937 0.601562 0.2875 0.6 0.2875 0.598437 0.289062 0.596875 0.289062 0.595312 0.2875 0.595312 0.285937 0.59375
0 0.526563 0.71875 0.525 0.720312 0.525 0.757812 0.526563 0.759375 0.529688 0.759375 0.529688 0.754687 0.53125 0.753125 0.53125 0.742188 0.532812 0.740625 0.532812 0.732813 0.534375 0.73125 0.534375 0.720312 0.532812 0.720312 0.53125 0.71875
0 0.882812 0.86875 0.88125 0.870313 0.88125 0.903125 0.882812 0.904688 0.882812 0.90625 0.884375 0.90625 0.885938 0.904688 0.885938 0.903125 0.8875 0.901563 0.8875 0.895312 0.889063 0.89375 0.889063 0.889063 0.890625 0.8875 0.890625 0.876562 0.892187 0.875 0.892187 0.870313 0.890625 0.86875
0 0.639063 0.1375 0.635938 0.140625 0.635938 0.142188 0.632812 0.145313 0.632812 0.146875 0.63125 0.148438 0.63125 0.164062 0.632812 0.165625 0.634375 0.165625 0.6375 0.1625 0.6375 0.160938 0.640625 0.157813 0.640625 0.15625 0.642187 0.154687 0.642187 0.145313 0.64375 0.14375 0.64375 0.139062 0.642187 0.139062 0.640625 0.1375
0 0.420312 0.18125 0.41875 0.182812 0.41875 0.214062 0.420312 0.215625 0.428125 0.215625 0.429688 0.214062 0.429688 0.207813 0.428125 0.20625 0.428125 0.203125 0.426562 0.201562 0.426562 0.2 0.425 0.198437 0.425 0.19375 0.423438 0.192188 0.423438 0.182812 0.421875 0.18125
0 0.221875 0.0875 0.215625 0.09375 0.214062 0.09375 0.2125 0.0953125 0.2125 0.103125 0.214062 0.104687 0.21875 0.104687 0.221875 0.101562 0.221875 0.1 0.223438 0.0984375 0.223438 0.0953125 0.225 0.09375 0.225 0.0890625 0.223438 0.0875
0 0.559375 0.6 0.55625 0.603125 0.55625 0.629687 0.557813 0.63125 0.557813 0.632812 0.559375 0.632812 0.559375 0.63125 0.560938 0.629687 0.560938 0.626562 0.5625 0.625 0.5625 0.620313 0.565625 0.617188 0.565625 0.6125 0.567187 0.610937 0.567187 0.601562 0.565625 0.6
0 0.470313 0.7875 0.46875 0.789062 0.46875 0.795313 0.467187 0.796875 0.467187 0.798437 0.465625 0.8 0.465625 0.801562 0.464063 0.803125 0.464063 0.804688 0.4625 0.80625 0.4625 0.81875 0.464063 0.820312 0.464063 0.821875 0.465625 0.821875 0.467187 0.820312 0.467187 0.81875 0.470313 0.815625 0.470313 0.814062 0.471875 0.8125 0.471875 0.809375 0.473437 0.807813 0.473437 0.801562 0.475 0.8 0.475 0.798437 0.476562 0.796875 0.476562 0.795313 0.478125 0.79375 0.478125 0.792188 0.479688 0.790625 0.476562 0.7875
0 0.776563 0.975 0.775 0.976562 0.775 0.998438 0.779688 0.998438 0.779688 0.992188 0.78125 0.990625 0.78125 0.9875 0.782812 0.985937 0.782812 0.982813 0.784375 0.98125 0.784375 0.976562 0.782812 0.976562 0.78125 0.975
0 0.845312 0.24375 0.840625 0.248437 0.839063 0.248437 0.835938 0.251563 0.835938 0.253125 0.834375 0.254687 0.832812 0.254687 0.832812 0.25625 0.83125 0.257812 0.83125 0.260938 0.834375 0.264062 0.839063 0.259375 0.840625 0.259375 0.840625 0.257812 0.845312 0.253125 0.846875 0.253125 0.846875 0.251563 0.851562 0.246875 0.853125 0.246875 0.853125 0.245312 0.851562 0.245312 0.85 0.24375
0 0.357812 0.5375 0.35625 0.539062 0.35625 0.56875 0.357812 0.570312 0.357812 0.571875 0.359375 0.571875 0.360938 0.570312 0.360938 0.564062 0.3625 0.5625 0.3625 0.557813 0.364062 0.55625 0.364062 0.554688 0.365625 0.553125 0.365625 0.548437 0.367188 0.546875 0.367188 0.539062 0.365625 0.5375
0 0.440625 0.51875 0.4375 0.521875 0.4375 0.54375 0.439063 0.545313 0.439063 0.546875 0.440625 0.546875 0.440625 0.545313 0.442187 0.54375 0.442187 0.535937 0.44375 0.534375 0.44375 0.53125 0.446875 0.528125 0.446875 0.525 0.448438 0.523438 0.448438 0.521875 0.445312 0.51875
0 0.18125 0.53125 0.179688 0.532812 0.176563 0.532812 0.176563 0.534375 0.175 0.535937 0.175 0.540625 0.170312 0.545313 0.170312 0.546875 0.16875 0.548437 0.16875 0.559375 0.170312 0.560938 0.171875 0.560938 0.175 0.557813 0.175 0.55625 0.178125 0.553125 0.178125 0.551562 0.179688 0.55 0.179688 0.545313 0.18125 0.54375 0.18125 0.542188 0.182812 0.540625 0.182812 0.539062 0.184375 0.5375 0.184375 0.535937 0.185937 0.534375 0.185937 0.532812 0.184375 0.53125
0 0.0640625 0.2 0.0625 0.201562 0.0625 0.226562 0.0640625 0.228125 0.0671875 0.228125 0.06875 0.226562 0.06875 0.21875 0.0703125 0.217187 0.0703125 0.210938 0.071875 0.209375 0.071875 0.201562 0.0703125 0.201562 0.06875 0.2
0 0.782812 0.35 0.78125 0.351562 0.78125 0.36875 0.782812 0.370313 0.782812 0.371875 0.784375 0.371875 0.784375 0.370313 0.785937 0.36875 0.785937 0.360938 0.7875 0.359375 0.7875 0.351562 0.785937 0.351562 0.784375 0.35
0 0.8125 0.7125 0.810938 0.714063 0.807813 0.714063 0.807813 0.715625 0.80625 0.717188 0.80625 0.71875 0.804688 0.720312 0.804688 0.721875 0.8 0.726562 0.8 0.728125 0.79375 0.734375 0.79375 0.735937 0.790625 0.739062 0.789062 0.739062 0.789062 0.740625 0.7875 0.742188 0.7875 0.745313 0.78125 0.751562 0.78125 0.757812 0.782812 0.759375 0.782812 0.760938 0.784375 0.760938 0.785937 0.759375 0.785937 0.75625 0.790625 0.751562 0.790625 0.75 0.792188 0.748438 0.792188 0.746875 0.79375 0.745313 0.79375 0.74375 0.795313 0.742188 0.796875 0.742188 0.798437 0.740625 0.798437 0.739062 0.803125 0.734375 0.803125 0.732813 0.809375 0.726562 0.809375 0.725 0.810938 0.723437 0.810938 0.721875 0.817187 0.715625 0.814062 0.7125
0 0.657812 0.8875 0.65625 0.889063 0.65625 0.903125 0.657812 0.904688 0.657812 0.90625 0.659375 0.90625 0.659375 0.904688 0.660937 0.903125 0.660937 0.889063 0.659375 0.8875
0 0.509375 0.817187 0.509375 0.829687 0.507812 0.83125 0.507812 0.8375 0.509375 0.839063 0.509375 0.8375 0.5125 0.834375 0.514063 0.834375 0.515625 0.832812 0.515625 0.823438 0.514063 0.821875 0.514063 0.820312 0.5125 0.81875 0.510938 0.81875
0 0.901563 0.6375 0.9 0.639063 0.9 0.645312 0.898438 0.646875 0.898438 0.648438 0.896875 0.65 0.896875 0.651563 0.895312 0.653125 0.895312 0.667188 0.896875 0.667188 0.896875 0.664062 0.898438 0.6625 0.898438 0.657812 0.9 0.65625 0.901563 0.65625 0.904688 0.653125 0.904688 0.645312 0.90625 0.64375 0.90625 0.642187 0.907812 0.640625 0.907812 0.639063 0.90625 0.639063 0.904688 0.6375
0 0.170312 0.9875 0.16875 0.989062 0.16875 0.998438 0.176563 0.998438 0.176563 0.995313 0.178125 0.99375 0.178125 0.989062 0.176563 0.9875
0 0.564062 0.0078125 0.564062 0.009375 0.5625 0.0109375 0.5625 0.0328125 0.564062 0.034375 0.565625 0.034375 0.567187 0.0328125 0.567187 0.025 0.56875 0.0234375 0.56875 0.0203125 0.570312 0.01875 0.570312 0.0171875 0.571875 0.015625 0.571875 0.0140625 0.573438 0.0125 0.573438 0.0109375 0.575 0.009375 0.573438 0.0078125
0 0.414062 0.28125 0.410937 0.284375 0.410937 0.285937 0.40625 0.290625 0.40625 0.303125 0.407813 0.304688 0.409375 0.304688 0.410937 0.303125 0.410937 0.301562 0.4125 0.3 0.4125 0.298438 0.415625 0.295312 0.415625 0.29375 0.417188 0.292188 0.417188 0.290625 0.41875 0.289062 0.41875 0.2875 0.421875 0.284375 0.421875 0.282813 0.41875 0.282813 0.417188 0.28125
0 0.071875 0.9875 0.06875 0.990625 0.06875 0.998438 0.075 0.998438 0.075 0.996875 0.0765625 0.995313 0.0765625 0.992188 0.078125 0.990625 0.0765625 0.989062 0.075 0.989062 0.0734375 0.9875
0 0.764063 0.275 0.7625 0.276563 0.7625 0.290625 0.764063 0.292188 0.765625 0.292188 0.767187 0.290625 0.767187 0.276563 0.765625 0.275
0 0.58125 0.95 0.579687 0.951563 0.578125 0.951563 0.576563 0.953125 0.576563 0.95625 0.575 0.957812 0.575 0.984375 0.576563 0.985937 0.576563 0.9875 0.582812 0.9875 0.585938 0.984375 0.585938 0.970312 0.5875 0.96875 0.5875 0.965625 0.589063 0.964063 0.589063 0.960938 0.590625 0.959375 0.590625 0.951563 0.589063 0.95
0 0.459375 0.60625 0.45625 0.609375 0.45625 0.614062 0.45 0.620313 0.45 0.628125 0.451562 0.629687 0.451562 0.63125 0.453125 0.63125 0.45625 0.628125 0.45625 0.626562 0.460938 0.621875 0.460938 0.617188 0.4625 0.615625 0.4625 0.614062 0.467187 0.609375 0.464063 0.60625
0 0.226562 0.0765625 0.226562 0.08125 0.228125 0.0828125 0.228125 0.0921875 0.226562 0.09375 0.226562 0.101562 0.228125 0.101562 0.228125 0.0859375 0.23125 0.0828125 0.232812 0.0828125 0.232812 0.078125 0.23125 0.0765625
0 0.0140625 0.0078125 0.0140625 0.0109375 0.015625 0.0109375 0.0171875 0.009375 0.0171875 0.0078125
0 0.234375 0.95 0.232812 0.951563 0.232812 0.953125 0.23125 0.954687 0.23125 0.978125 0.232812 0.979688 0.232812 0.98125 0.234375 0.98125 0.2375 0.978125 0.2375 0.976562 0.239063 0.975 0.239063 0.973437 0.240625 0.971875 0.240625 0.967188 0.242188 0.965625 0.242188 0.95625 0.24375 0.954687 0.24375 0.951563 0.242188 0.951563 0.240625 0.95
0 0.489062 0.932813 0.4875 0.934375 0.4875 0.953125 0.489062 0.954687 0.489062 0.957812 0.492188 0.960938 0.492188 0.9625 0.49375 0.964063 0.49375 0.965625 0.495313 0.967188 0.495313 0.96875 0.496875 0.96875 0.5 0.965625 0.5 0.9625 0.498437 0.960938 0.498437 0.954687 0.496875 0.953125 0.496875 0.95 0.495313 0.948438 0.495313 0.946875 0.49375 0.945312 0.49375 0.942187 0.492188 0.940625 0.492188 0.934375 0.490625 0.932813
0 0.582812 0.94375 0.579687 0.946875 0.579687 0.948438 0.578125 0.95 0.578125 0.951563 0.576563 0.953125 0.576563 0.95625 0.575 0.957812 0.575 0.984375 0.576563 0.985937 0.576563 0.9875 0.582812 0.9875 0.585938 0.984375 0.585938 0.971875 0.5875 0.970312 0.5875 0.965625 0.589063 0.964063 0.589063 0.960938 0.590625 0.959375 0.590625 0.953125 0.592188 0.951563 0.592188 0.945312 0.590625 0.94375
0 0.989062 0.30625 0.9875 0.307813 0.9875 0.326562 0.989062 0.328125 0.989062 0.329688 0.990625 0.329688 0.990625 0.328125 0.992188 0.326562 0.992188 0.307813 0.990625 0.30625
0 0.0890625 0.44375 0.0875 0.445312 0.0875 0.451562 0.090625 0.454688 0.0921875 0.453125 0.0953125 0.453125 0.096875 0.451562 0.096875 0.448438 0.0984375 0.446875 0.0953125 0.44375
0 0.895312 0.639063 0.895312 0.646875 0.896875 0.646875 0.896875 0.639063
0 0.645312 0.995313 0.64375 0.996875 0.64375 0.998438 0.648438 0.998438 0.648438 0.996875 0.646875 0.995313
0 0.782812 0.35 0.78125 0.351562 0.78125 0.371875 0.782812 0.373437 0.784375 0.373437 0.785937 0.371875 0.785937 0.364062 0.7875 0.3625 0.7875 0.35625 0.789062 0.354688 0.789062 0.351562 0.7875 0.351562 0.785937 0.35
