0 0.670313 0.40625 0.66875 0.407813 0.66875 0.420312 0.670313 0.421875 0.670313 0.423438 0.671875 0.423438 0.673437 0.425 0.673437 0.426562 0.675 0.428125 0.675 0.434375 0.676562 0.435937 0.676562 0.4375 0.68125 0.442187 0.68125 0.44375 0.685938 0.44375 0.689062 0.440625 0.690625 0.440625 0.690625 0.439063 0.6875 0.435937 0.6875 0.434375 0.685938 0.432813 0.685938 0.420312 0.679688 0.414062 0.679688 0.407813 0.678125 0.40625
0 0.189063 0.54375 0.1875 0.545313 0.1875 0.557813 0.189063 0.559375 0.189063 0.560938 0.19375 0.565625 0.19375 0.571875 0.195312 0.573438 0.195312 0.575 0.198437 0.578125 0.2 0.578125 0.201562 0.579687 0.203125 0.579687 0.204688 0.578125 0.204688 0.575 0.203125 0.573438 0.203125 0.571875 0.2 0.56875 0.2 0.565625 0.198437 0.564062 0.198437 0.55625 0.196875 0.554688 0.196875 0.551562 0.19375 0.548437 0.19375 0.546875 0.190625 0.54375
0 0.220313 0.93125 0.21875 0.932813 0.21875 0.942187 0.220313 0.94375 0.220313 0.945312 0.223438 0.948438 0.223438 0.95 0.225 0.951563 0.225 0.957812 0.226562 0.959375 0.226562 0.960938 0.228125 0.9625 0.229687 0.960938 0.232812 0.960938 0.234375 0.959375 0.234375 0.957812 0.229687 0.953125 0.229687 0.94375 0.228125 0.942187 0.228125 0.939062 0.223438 0.934375 0.223438 0.932813 0.221875 0.93125
0 0.632812 0.575 0.63125 0.576563 0.63125 0.595312 0.632812 0.596875 0.632812 0.598437 0.639063 0.604688 0.640625 0.604688 0.642187 0.603125 0.642187 0.59375 0.640625 0.592188 0.640625 0.590625 0.6375 0.5875 0.6375 0.585938 0.635938 0.584375 0.635938 0.576563 0.634375 0.575
0 0.801562 0.85625 0.8 0.857813 0.8 0.870313 0.80625 0.876562 0.80625 0.878125 0.807813 0.879687 0.809375 0.879687 0.810938 0.878125 0.8125 0.878125 0.8125 0.875 0.814062 0.873438 0.814062 0.871875 0.8125 0.870313 0.8125 0.86875 0.810938 0.867188 0.810938 0.8625 0.809375 0.860937 0.809375 0.859375 0.807813 0.857813 0.80625 0.857813 0.804688 0.85625
0 0.0703125 0.86875 0.06875 0.870313 0.06875 0.88125 0.0703125 0.882812 0.0703125 0.884375 0.075 0.889063 0.075 0.896875 0.0765625 0.898438 0.0765625 0.9 0.078125 0.9 0.0796875 0.901563 0.08125 0.901563 0.0828125 0.903125 0.084375 0.901563 0.084375 0.9 0.0859375 0.898438 0.0859375 0.89375 0.084375 0.892187 0.084375 0.890625 0.0828125 0.889063 0.0828125 0.8875 0.08125 0.885938 0.08125 0.884375 0.0796875 0.882812 0.0796875 0.870313 0.078125 0.86875
0 0.0890625 0.15 0.0875 0.151562 0.0875 0.171875 0.0890625 0.173438 0.0890625 0.175 0.0921875 0.178125 0.0921875 0.179688 0.09375 0.18125 0.09375 0.1875 0.0953125 0.189063 0.0953125 0.190625 0.096875 0.190625 0.0984375 0.189063 0.1 0.189063 0.103125 0.185937 0.103125 0.182812 0.0984375 0.178125 0.0984375 0.175 0.096875 0.173438 0.096875 0.171875 0.09375 0.16875 0.09375 0.164062 0.0921875 0.1625 0.0921875 0.151562 0.090625 0.15
0 0.714063 0.7125 0.7125 0.714063 0.7125 0.723437 0.715625 0.726562 0.715625 0.728125 0.717188 0.729688 0.717188 0.73125 0.71875 0.732813 0.71875 0.734375 0.720312 0.735937 0.720312 0.7375 0.723437 0.7375 0.725 0.735937 0.728125 0.735937 0.729688 0.734375 0.729688 0.732813 0.728125 0.73125 0.728125 0.729688 0.725 0.726562 0.725 0.725 0.723437 0.723437 0.723437 0.714063 0.721875 0.714063 0.720312 0.7125
0 0.370313 0.90625 0.36875 0.907812 0.36875 0.914062 0.370313 0.915625 0.370313 0.917188 0.371875 0.917188 0.373437 0.91875 0.373437 0.920313 0.375 0.921875 0.375 0.929688 0.376563 0.93125 0.376563 0.934375 0.378125 0.935938 0.384375 0.935938 0.385938 0.934375 0.385938 0.928125 0.38125 0.923437 0.38125 0.921875 0.379687 0.920313 0.379687 0.9125 0.378125 0.910937 0.378125 0.907812 0.375 0.907812 0.373437 0.90625
0 0.464063 0.75625 0.4625 0.757812 0.4625 0.76875 0.464063 0.770312 0.464063 0.771875 0.46875 0.776563 0.46875 0.778125 0.470313 0.779688 0.471875 0.779688 0.475 0.776563 0.475 0.775 0.476562 0.773438 0.476562 0.770312 0.475 0.76875 0.475 0.767187 0.473437 0.765625 0.473437 0.760938 0.471875 0.759375 0.471875 0.757812 0.470313 0.757812 0.46875 0.75625
0 0.857813 0.73125 0.85625 0.732813 0.85625 0.740625 0.857813 0.742188 0.859375 0.742188 0.8625 0.745313 0.8625 0.748438 0.86875 0.754687 0.86875 0.75625 0.870313 0.757812 0.871875 0.757812 0.873438 0.75625 0.875 0.75625 0.876562 0.754687 0.878125 0.754687 0.878125 0.753125 0.879687 0.751562 0.873438 0.745313 0.873438 0.74375 0.86875 0.739062 0.86875 0.7375 0.867188 0.735937 0.867188 0.732813 0.865625 0.73125
0 0.932813 0.7375 0.93125 0.739062 0.93125 0.753125 0.932813 0.754687 0.932813 0.75625 0.935938 0.759375 0.935938 0.760938 0.9375 0.7625 0.9375 0.765625 0.939062 0.767187 0.946875 0.767187 0.948438 0.765625 0.948438 0.757812 0.942187 0.751562 0.942187 0.746875 0.9375 0.742188 0.9375 0.740625 0.934375 0.7375
0 0.751562 0.175 0.75 0.176563 0.75 0.190625 0.754687 0.195312 0.754687 0.196875 0.75625 0.198437 0.75625 0.201562 0.759375 0.204688 0.760938 0.203125 0.7625 0.203125 0.764063 0.201562 0.764063 0.195312 0.7625 0.19375 0.7625 0.192188 0.760938 0.190625 0.760938 0.184375 0.754687 0.178125 0.754687 0.176563 0.753125 0.175
0 0.751562 0.95625 0.75 0.957812 0.75 0.965625 0.751562 0.967188 0.751562 0.970312 0.754687 0.973437 0.754687 0.975 0.75625 0.976562 0.75625 0.978125 0.759375 0.98125 0.760938 0.979688 0.765625 0.979688 0.767187 0.978125 0.767187 0.976562 0.760938 0.970312 0.760938 0.964063 0.759375 0.9625 0.759375 0.960938 0.75625 0.957812 0.754687 0.957812 0.753125 0.95625
0 0.345313 0.6 0.34375 0.601562 0.34375 0.615625 0.345313 0.617188 0.345313 0.61875 0.348437 0.621875 0.348437 0.623438 0.35 0.625 0.35 0.632812 0.353125 0.635938 0.354688 0.635938 0.35625 0.6375 0.359375 0.6375 0.3625 0.634375 0.3625 0.632812 0.360938 0.63125 0.360938 0.629687 0.35625 0.625 0.35625 0.623438 0.354688 0.621875 0.354688 0.6125 0.353125 0.610937 0.353125 0.604688 0.351562 0.603125 0.351562 0.601562 0.35 0.601562 0.348437 0.6
0 0.876562 0.475 0.875 0.476562 0.875 0.482812 0.88125 0.489062 0.88125 0.490625 0.882812 0.492188 0.882812 0.49375 0.885938 0.496875 0.885938 0.498437 0.8875 0.5 0.8875 0.501562 0.890625 0.504687 0.892187 0.503125 0.896875 0.503125 0.896875 0.501562 0.898438 0.5 0.898438 0.490625 0.892187 0.484375 0.892187 0.48125 0.890625 0.479688 0.890625 0.478125 0.889063 0.476562 0.8875 0.476562 0.885938 0.475
0 0.345313 0.33125 0.34375 0.332812 0.34375 0.346875 0.345313 0.348437 0.345313 0.35 0.348437 0.353125 0.348437 0.35625 0.35 0.357812 0.35 0.360938 0.351562 0.3625 0.351562 0.364062 0.353125 0.365625 0.354688 0.365625 0.35625 0.367188 0.359375 0.367188 0.360938 0.365625 0.3625 0.365625 0.3625 0.357812 0.360938 0.35625 0.360938 0.348437 0.359375 0.346875 0.359375 0.34375 0.35625 0.340625 0.35625 0.3375 0.354688 0.335938 0.354688 0.332812 0.353125 0.33125
0 0.514063 0.4375 0.5125 0.439063 0.5125 0.451562 0.514063 0.453125 0.514063 0.454688 0.51875 0.459375 0.51875 0.465625 0.520312 0.467187 0.520312 0.46875 0.525 0.46875 0.526563 0.470313 0.528125 0.46875 0.528125 0.460938 0.525 0.457812 0.525 0.454688 0.523438 0.453125 0.523438 0.445312 0.521875 0.44375 0.521875 0.442187 0.520312 0.440625 0.520312 0.439063 0.51875 0.439063 0.517187 0.4375
0 0.789062 0.34375 0.7875 0.345313 0.7875 0.35625 0.789062 0.357812 0.789062 0.359375 0.79375 0.364062 0.79375 0.36875 0.796875 0.371875 0.803125 0.371875 0.804688 0.370313 0.804688 0.360938 0.803125 0.359375 0.803125 0.357812 0.8 0.354688 0.8 0.353125 0.798437 0.351562 0.798437 0.345313 0.796875 0.34375
0 0.851562 0.420312 0.85 0.421875 0.85 0.440625 0.851562 0.442187 0.851562 0.445312 0.853125 0.445312 0.854688 0.446875 0.859375 0.446875 0.860937 0.445312 0.860937 0.434375 0.85625 0.429688 0.85625 0.428125 0.854688 0.426562 0.854688 0.421875 0.853125 0.420312
0 0.0578125 0.80625 0.05625 0.807813 0.05625 0.846875 0.0578125 0.848437 0.0640625 0.848437 0.0671875 0.845312 0.0671875 0.826563 0.065625 0.825 0.065625 0.81875 0.0640625 0.817187 0.0640625 0.815625 0.0625 0.814062 0.0625 0.809375 0.059375 0.80625
0 0.782812 0.7125 0.78125 0.714063 0.78125 0.729688 0.782812 0.73125 0.782812 0.732813 0.784375 0.734375 0.784375 0.735937 0.785937 0.7375 0.785937 0.739062 0.7875 0.740625 0.7875 0.742188 0.789062 0.74375 0.789062 0.745313 0.790625 0.745313 0.792188 0.74375 0.79375 0.74375 0.796875 0.740625 0.796875 0.7375 0.79375 0.734375 0.79375 0.732813 0.792188 0.73125 0.792188 0.725 0.790625 0.723437 0.790625 0.720312 0.785937 0.715625 0.785937 0.714063 0.784375 0.7125
0 0.595312 0.925 0.59375 0.926562 0.59375 0.934375 0.6 0.940625 0.6 0.945312 0.601562 0.946875 0.601562 0.948438 0.609375 0.948438 0.609375 0.94375 0.60625 0.940625 0.60625 0.939062 0.604688 0.9375 0.604688 0.93125 0.603125 0.929688 0.603125 0.926562 0.6 0.926562 0.598437 0.925
0 0.601562 0.446875 0.601562 0.448438 0.6 0.45 0.6 0.454688 0.601562 0.45625 0.601562 0.459375 0.60625 0.464063 0.60625 0.467187 0.607813 0.46875 0.610937 0.46875 0.6125 0.467187 0.614062 0.467187 0.615625 0.465625 0.615625 0.4625 0.614062 0.4625 0.6125 0.460938 0.6125 0.459375 0.604688 0.451562 0.604688 0.448438 0.603125 0.446875
0 0.1875 0.65 0.185937 0.651563 0.184375 0.651563 0.182812 0.653125 0.184375 0.654688 0.184375 0.657812 0.185937 0.659375 0.185937 0.6625 0.1875 0.664062 0.1875 0.671875 0.190625 0.675 0.190625 0.676562 0.192188 0.678125 0.19375 0.678125 0.195312 0.679688 0.196875 0.679688 0.198437 0.678125 0.2 0.678125 0.2 0.670313 0.198437 0.66875 0.198437 0.6625 0.196875 0.660937 0.196875 0.659375 0.19375 0.65625 0.19375 0.654688 0.192188 0.653125 0.192188 0.651563 0.190625 0.65
0 0.632812 0.48125 0.63125 0.482812 0.63125 0.495313 0.6375 0.501562 0.6375 0.504687 0.639063 0.50625 0.639063 0.507812 0.640625 0.509375 0.642187 0.509375 0.64375 0.510938 0.646875 0.510938 0.648438 0.509375 0.648438 0.503125 0.646875 0.501562 0.646875 0.5 0.645312 0.498437 0.645312 0.496875 0.64375 0.495313 0.64375 0.49375 0.642187 0.492188 0.642187 0.489062 0.640625 0.4875 0.640625 0.485938 0.639063 0.484375 0.639063 0.482812 0.6375 0.482812 0.635938 0.48125
0 0.176563 0.25625 0.175 0.257812 0.175 0.273438 0.176563 0.275 0.176563 0.278125 0.179688 0.278125 0.18125 0.279687 0.184375 0.279687 0.1875 0.276563 0.1875 0.273438 0.185937 0.271875 0.185937 0.259375 0.182812 0.25625
0 0.332812 0.85 0.33125 0.851562 0.33125 0.86875 0.332812 0.870313 0.332812 0.871875 0.340625 0.871875 0.340625 0.870313 0.342187 0.86875 0.342187 0.8625 0.340625 0.860937 0.340625 0.859375 0.3375 0.85625 0.3375 0.854688 0.335938 0.853125 0.335938 0.851562 0.334375 0.85
0 0.0265625 0.26875 0.025 0.270312 0.025 0.303125 0.0265625 0.304688 0.0296875 0.304688 0.03125 0.303125 0.0328125 0.303125 0.0328125 0.3 0.03125 0.298438 0.03125 0.2875 0.0296875 0.285937 0.0296875 0.270312 0.028125 0.26875
0 0.557813 0.89375 0.55625 0.895312 0.55625 0.921875 0.557813 0.923437 0.557813 0.925 0.559375 0.925 0.560938 0.926562 0.564062 0.926562 0.567187 0.923437 0.567187 0.909375 0.565625 0.907812 0.565625 0.90625 0.5625 0.903125 0.5625 0.9 0.560938 0.898438 0.560938 0.895312 0.559375 0.89375
0 0.357812 0.6625 0.35625 0.664062 0.35625 0.671875 0.357812 0.673437 0.359375 0.673437 0.3625 0.676562 0.3625 0.679688 0.364062 0.68125 0.364062 0.682813 0.36875 0.6875 0.36875 0.689062 0.370313 0.690625 0.371875 0.690625 0.378125 0.684375 0.378125 0.682813 0.373437 0.678125 0.373437 0.675 0.371875 0.673437 0.371875 0.670313 0.370313 0.670313 0.36875 0.66875 0.36875 0.667188 0.367188 0.665625 0.367188 0.664062 0.365625 0.6625
0 0.795313 0.25625 0.79375 0.257812 0.79375 0.264062 0.795313 0.265625 0.795313 0.267188 0.798437 0.270312 0.798437 0.275 0.8 0.276563 0.8 0.278125 0.801562 0.279687 0.807813 0.279687 0.810938 0.276563 0.809375 0.275 0.809375 0.271875 0.807813 0.270312 0.807813 0.26875 0.804688 0.265625 0.804688 0.257812 0.803125 0.25625
0 0.539062 0.44375 0.5375 0.445312 0.5375 0.465625 0.539062 0.467187 0.539062 0.471875 0.540625 0.471875 0.542188 0.473437 0.546875 0.473437 0.548437 0.471875 0.548437 0.454688 0.546875 0.453125 0.546875 0.45 0.540625 0.44375
0 0.726562 0.620313 0.726562 0.623438 0.725 0.625 0.725 0.651563 0.728125 0.654688 0.732813 0.654688 0.734375 0.653125 0.734375 0.645312 0.732813 0.64375 0.732813 0.642187 0.73125 0.640625 0.73125 0.6375 0.729688 0.635938 0.729688 0.623438 0.728125 0.621875 0.728125 0.620313
0 0.251563 0.80625 0.25 0.807813 0.25 0.820312 0.257812 0.828125 0.259375 0.828125 0.260938 0.826563 0.260938 0.820312 0.259375 0.81875 0.259375 0.815625 0.25625 0.8125 0.25625 0.810938 0.254687 0.809375 0.254687 0.807813 0.253125 0.80625
0 0.176563 0.81875 0.175 0.820312 0.175 0.834375 0.176563 0.835938 0.178125 0.835938 0.182812 0.840625 0.184375 0.840625 0.185937 0.839063 0.185937 0.83125 0.184375 0.829687 0.184375 0.826563 0.179688 0.821875 0.179688 0.820312 0.178125 0.81875
0 0.240625 0.675 0.239063 0.676562 0.239063 0.68125 0.240625 0.682813 0.240625 0.685938 0.239063 0.6875 0.239063 0.690625 0.240625 0.690625 0.242188 0.692187 0.246875 0.692187 0.25 0.689062 0.25 0.6875 0.248437 0.685938 0.248437 0.676562 0.246875 0.675
0 0.401563 0.60625 0.4 0.607813 0.4 0.6375 0.401563 0.639063 0.401563 0.642187 0.403125 0.64375 0.403125 0.645312 0.404687 0.646875 0.404687 0.651563 0.40625 0.653125 0.40625 0.654688 0.407813 0.65625 0.407813 0.657812 0.410937 0.657812 0.4125 0.65625 0.414062 0.65625 0.417188 0.653125 0.417188 0.648438 0.415625 0.646875 0.415625 0.645312 0.4125 0.642187 0.4125 0.640625 0.410937 0.639063 0.410937 0.614062 0.409375 0.6125 0.409375 0.609375 0.407813 0.607813 0.40625 0.607813 0.404687 0.60625
0 0.557813 0.20625 0.55625 0.207813 0.55625 0.234375 0.557813 0.235938 0.565625 0.235938 0.56875 0.232812 0.567187 0.23125 0.567187 0.214062 0.565625 0.2125 0.565625 0.209375 0.564062 0.207813 0.5625 0.207813 0.560938 0.20625
0 0.789062 0.6375 0.7875 0.639063 0.7875 0.645312 0.789062 0.646875 0.789062 0.648438 0.79375 0.648438 0.795313 0.65 0.795313 0.659375 0.796875 0.660937 0.798437 0.660937 0.801562 0.664062 0.804688 0.660937 0.804688 0.657812 0.803125 0.65625 0.803125 0.654688 0.8 0.651563 0.798437 0.651563 0.79375 0.646875 0.79375 0.639063 0.792188 0.639063 0.790625 0.6375
0 0.745313 0.41875 0.74375 0.420312 0.74375 0.442187 0.745313 0.44375 0.745313 0.445312 0.746875 0.446875 0.746875 0.448438 0.75 0.451562 0.75 0.453125 0.751562 0.453125 0.753125 0.454688 0.754687 0.453125 0.75625 0.453125 0.75625 0.451562 0.759375 0.448438 0.759375 0.44375 0.75625 0.440625 0.75625 0.439063 0.754687 0.4375 0.754687 0.426562 0.753125 0.425 0.753125 0.421875 0.751562 0.420312 0.75 0.420312 0.748438 0.41875
0 0.4375 0.495313 0.4375 0.496875 0.435937 0.498437 0.435937 0.501562 0.432813 0.504687 0.432813 0.509375 0.435937 0.5125 0.435937 0.514063 0.4375 0.515625 0.4375 0.523438 0.439063 0.525 0.439063 0.526563 0.440625 0.528125 0.446875 0.528125 0.448438 0.526563 0.448438 0.514063 0.44375 0.509375 0.44375 0.507812 0.442187 0.50625 0.442187 0.496875 0.440625 0.495313
0 0.901563 0.43125 0.9 0.432813 0.9 0.440625 0.904688 0.445312 0.904688 0.446875 0.907812 0.45 0.9125 0.45 0.914062 0.448438 0.915625 0.448438 0.915625 0.44375 0.910937 0.439063 0.910937 0.435937 0.909375 0.434375 0.909375 0.432813 0.90625 0.432813 0.904688 0.43125
0 0.189063 0.1625 0.1875 0.164062 0.1875 0.190625 0.189063 0.192188 0.195312 0.192188 0.198437 0.189063 0.198437 0.164062 0.196875 0.1625
0 0.320312 0.75625 0.31875 0.757812 0.31875 0.784375 0.320312 0.785937 0.328125 0.785937 0.329688 0.784375 0.329688 0.776563 0.328125 0.775 0.328125 0.770312 0.326562 0.76875 0.326562 0.767187 0.325 0.765625 0.325 0.759375 0.321875 0.75625
0 0.434375 0.23125 0.43125 0.234375 0.43125 0.246875 0.432813 0.248437 0.432813 0.25 0.434375 0.251563 0.434375 0.253125 0.435937 0.254687 0.435937 0.25625 0.4375 0.257812 0.4375 0.259375 0.439063 0.259375 0.440625 0.260938 0.446875 0.254687 0.446875 0.25 0.445312 0.248437 0.445312 0.246875 0.44375 0.245312 0.44375 0.24375 0.442187 0.242188 0.442187 0.234375 0.439063 0.23125
0 0.551562 0.04375 0.55 0.0453125 0.55 0.0578125 0.551562 0.059375 0.551562 0.0609375 0.55625 0.065625 0.55625 0.0671875 0.557813 0.06875 0.560938 0.06875 0.5625 0.0671875 0.565625 0.0671875 0.567187 0.065625 0.567187 0.0625 0.565625 0.0609375 0.565625 0.0578125 0.564062 0.0578125 0.5625 0.05625 0.5625 0.0546875 0.560938 0.053125 0.560938 0.05 0.559375 0.0484375 0.559375 0.046875 0.557813 0.0453125 0.55625 0.0453125 0.554688 0.04375
0 0.920313 0.54375 0.91875 0.545313 0.91875 0.559375 0.920313 0.560938 0.920313 0.5625 0.923437 0.565625 0.923437 0.567187 0.925 0.56875 0.925 0.571875 0.926562 0.573438 0.932813 0.573438 0.935938 0.570312 0.935938 0.565625 0.934375 0.564062 0.934375 0.5625 0.932813 0.5625 0.929688 0.559375 0.929688 0.553125 0.928125 0.551562 0.928125 0.55 0.921875 0.54375
0 0.376563 0.45625 0.375 0.457812 0.375 0.464063 0.376563 0.465625 0.376563 0.467187 0.379687 0.467187 0.38125 0.46875 0.38125 0.479688 0.376563 0.484375 0.376563 0.4875 0.375 0.489062 0.375 0.49375 0.376563 0.495313 0.376563 0.496875 0.378125 0.496875 0.379687 0.498437 0.384375 0.498437 0.385938 0.496875 0.385938 0.48125 0.384375 0.479688 0.384375 0.46875 0.38125 0.465625 0.38125 0.4625 0.379687 0.460938 0.379687 0.457812 0.378125 0.45625
0 0.557813 0.85 0.55625 0.851562 0.55625 0.876562 0.559375 0.879687 0.560938 0.878125 0.565625 0.878125 0.565625 0.876562 0.567187 0.875 0.567187 0.853125 0.564062 0.85
0 0.170312 0.8875 0.16875 0.889063 0.16875 0.909375 0.171875 0.9125 0.178125 0.9125 0.178125 0.910937 0.179688 0.909375 0.179688 0.903125 0.178125 0.901563 0.178125 0.9 0.176563 0.898438 0.176563 0.896875 0.175 0.895312 0.175 0.892187 0.173438 0.890625 0.173438 0.889063 0.171875 0.8875
0 0.226562 0.75 0.225 0.751562 0.225 0.771875 0.226562 0.773438 0.234375 0.773438 0.235938 0.771875 0.235938 0.765625 0.234375 0.764063 0.234375 0.7625 0.232812 0.760938 0.232812 0.759375 0.23125 0.757812 0.23125 0.753125 0.228125 0.75
0 0.445312 0.7 0.44375 0.701563 0.44375 0.721875 0.445312 0.723437 0.445312 0.726562 0.446875 0.728125 0.448438 0.728125 0.45 0.729688 0.45625 0.729688 0.457812 0.728125 0.457812 0.725 0.45625 0.723437 0.45625 0.720312 0.454688 0.71875 0.454688 0.703125 0.451562 0.7
0 0.639063 0.3125 0.6375 0.314063 0.6375 0.320312 0.639063 0.321875 0.639063 0.325 0.640625 0.326562 0.639063 0.328125 0.639063 0.33125 0.6375 0.332812 0.6375 0.340625 0.640625 0.34375 0.642187 0.34375 0.64375 0.342187 0.646875 0.342187 0.648438 0.340625 0.648438 0.335938 0.646875 0.334375 0.646875 0.332812 0.64375 0.329688 0.642187 0.329688 0.640625 0.328125 0.640625 0.323438 0.642187 0.321875 0.642187 0.314063 0.640625 0.3125
0 0.0765625 0.24375 0.075 0.245312 0.075 0.279687 0.0765625 0.28125 0.0765625 0.282813 0.078125 0.282813 0.078125 0.28125 0.0796875 0.279687 0.0796875 0.275 0.08125 0.273438 0.08125 0.265625 0.0828125 0.264062 0.0828125 0.259375 0.084375 0.257812 0.084375 0.251563 0.0859375 0.25 0.0859375 0.246875 0.0828125 0.24375
0 0.139062 0.19375 0.1375 0.195312 0.1375 0.214062 0.139062 0.215625 0.142188 0.215625 0.14375 0.214062 0.14375 0.203125 0.142188 0.201562 0.142188 0.195312 0.140625 0.19375
0 0.264062 0.0515625 0.264062 0.065625 0.265625 0.065625 0.265625 0.0515625
0 0.320312 0.520312 0.31875 0.521875 0.320312 0.523438 0.320312 0.528125 0.321875 0.529688 0.323438 0.529688 0.326562 0.532812 0.326562 0.534375 0.328125 0.535937 0.328125 0.539062 0.33125 0.542188 0.33125 0.545313 0.332812 0.546875 0.334375 0.546875 0.335938 0.545313 0.335938 0.539062 0.334375 0.5375 0.334375 0.532812 0.332812 0.532812 0.328125 0.528125 0.328125 0.523438 0.326562 0.521875 0.326562 0.520312
0 0.651563 0.70625 0.65 0.707812 0.65 0.715625 0.651563 0.717188 0.651563 0.71875 0.65625 0.723437 0.65625 0.726562 0.659375 0.729688 0.665625 0.729688 0.667188 0.728125 0.667188 0.720312 0.6625 0.715625 0.6625 0.714063 0.660937 0.7125 0.660937 0.707812 0.659375 0.707812 0.657812 0.70625
0 0.414062 0.7 0.4125 0.701563 0.4125 0.709375 0.414062 0.710938 0.414062 0.714063 0.41875 0.71875 0.41875 0.720312 0.420312 0.721875 0.423438 0.721875 0.425 0.720312 0.425 0.71875 0.426562 0.717188 0.426562 0.714063 0.425 0.7125 0.425 0.710938 0.423438 0.709375 0.423438 0.703125 0.420312 0.7
0 0.0390625 0.06875 0.0375 0.0703125 0.0375 0.084375 0.040625 0.0875 0.04375 0.0875 0.0453125 0.0859375 0.046875 0.0859375 0.0484375 0.084375 0.0484375 0.078125 0.046875 0.0765625 0.046875 0.0703125 0.0453125 0.0703125 0.04375 0.06875
0 0.55 0.789062 0.546875 0.792188 0.545313 0.792188 0.545313 0.796875 0.546875 0.796875 0.548437 0.795313 0.548437 0.79375 0.55 0.792188 0.551562 0.792188 0.553125 0.790625 0.553125 0.789062
0 0.732813 0.93125 0.73125 0.932813 0.729688 0.932813 0.728125 0.934375 0.728125 0.939062 0.729688 0.940625 0.729688 0.942187 0.73125 0.94375 0.73125 0.954687 0.732813 0.95625 0.732813 0.959375 0.734375 0.960938 0.740625 0.960938 0.742188 0.959375 0.742188 0.95 0.740625 0.948438 0.740625 0.945312 0.739062 0.945312 0.735937 0.942187 0.735937 0.934375
0 0.457812 0.4 0.45625 0.401563 0.45625 0.423438 0.457812 0.425 0.457812 0.426562 0.460938 0.426562 0.4625 0.425 0.464063 0.425 0.467187 0.421875 0.467187 0.414062 0.465625 0.4125 0.465625 0.409375 0.4625 0.40625 0.4625 0.403125 0.459375 0.4
0 0.426562 0.1625 0.425 0.164062 0.425 0.176563 0.428125 0.179688 0.432813 0.179688 0.435937 0.176563 0.435937 0.175 0.434375 0.173438 0.434375 0.164062 0.43125 0.164062 0.429688 0.1625
0 0.251563 0.59375 0.25 0.595312 0.25 0.60625 0.251563 0.607813 0.251563 0.614062 0.253125 0.615625 0.253125 0.620313 0.25625 0.623438 0.259375 0.623438 0.260938 0.621875 0.260938 0.601562 0.259375 0.6 0.259375 0.596875 0.257812 0.595312 0.25625 0.595312 0.254687 0.59375
0 0.401563 0.8 0.4 0.801562 0.4 0.809375 0.401563 0.810938 0.403125 0.810938 0.40625 0.814062 0.40625 0.817187 0.409375 0.820312 0.409375 0.821875 0.414062 0.826563 0.414062 0.828125 0.415625 0.828125 0.421875 0.821875 0.421875 0.820312 0.417188 0.815625 0.417188 0.8125 0.415625 0.810938 0.415625 0.809375 0.410937 0.804688 0.410937 0.801562 0.409375 0.8
0 0.120312 0.9375 0.120312 0.94375 0.11875 0.945312 0.120312 0.946875 0.120312 0.948438 0.121875 0.948438 0.125 0.951563 0.125 0.953125 0.126563 0.954687 0.128125 0.954687 0.129688 0.953125 0.129688 0.951563 0.123438 0.945312 0.123438 0.940625 0.121875 0.939062 0.121875 0.9375
0 0.770312 0.18125 0.76875 0.182812 0.76875 0.201562 0.770312 0.203125 0.770312 0.20625 0.773438 0.209375 0.773438 0.2125 0.775 0.214062 0.775 0.217187 0.776563 0.21875 0.776563 0.220313 0.778125 0.220313 0.779688 0.21875 0.78125 0.21875 0.782812 0.217187 0.784375 0.217187 0.785937 0.215625 0.785937 0.210938 0.784375 0.209375 0.784375 0.20625 0.78125 0.203125 0.78125 0.201562 0.779688 0.2 0.779688 0.190625 0.778125 0.189063 0.778125 0.1875 0.775 0.184375 0.775 0.182812 0.773438 0.182812 0.771875 0.18125
0 0.501562 0.24375 0.5 0.245312 0.5 0.253125 0.501562 0.254687 0.501562 0.25625 0.504687 0.259375 0.504687 0.260938 0.50625 0.2625 0.50625 0.265625 0.507812 0.267188 0.507812 0.26875 0.510938 0.271875 0.510938 0.273438 0.5125 0.275 0.5125 0.282813 0.515625 0.285937 0.51875 0.285937 0.520312 0.2875 0.521875 0.285937 0.523438 0.285937 0.525 0.284375 0.526563 0.284375 0.526563 0.282813 0.525 0.28125 0.525 0.278125 0.523438 0.276563 0.523438 0.270312 0.51875 0.265625 0.51875 0.2625 0.517187 0.260938 0.517187 0.257812 0.515625 0.25625 0.515625 0.254687 0.5125 0.251563 0.5125 0.25 0.510938 0.248437 0.510938 0.245312 0.509375 0.24375
0 0.539062 0.54375 0.5375 0.545313 0.5375 0.567187 0.539062 0.56875 0.539062 0.570312 0.540625 0.571875 0.540625 0.573438 0.542188 0.575 0.542188 0.576563 0.545313 0.579687 0.546875 0.579687 0.548437 0.578125 0.548437 0.575 0.55 0.573438 0.55 0.570312 0.548437 0.56875 0.548437 0.559375 0.546875 0.557813 0.546875 0.551562 0.545313 0.55 0.545313 0.545313 0.54375 0.545313 0.542188 0.54375
0 0.826563 0.775 0.825 0.776563 0.825 0.782812 0.828125 0.785937 0.829687 0.785937 0.832812 0.789062 0.832812 0.790625 0.834375 0.790625 0.835938 0.792188 0.840625 0.792188 0.842188 0.790625 0.842188 0.785937 0.832812 0.776563 0.83125 0.776563 0.829687 0.775
0 0.639063 0.78125 0.6375 0.782812 0.6375 0.795313 0.640625 0.798437 0.642187 0.798437 0.64375 0.8 0.646875 0.8 0.648438 0.798437 0.648438 0.789062 0.640625 0.78125
0 0.182812 0.89375 0.18125 0.895312 0.18125 0.932813 0.184375 0.935938 0.189063 0.935938 0.192188 0.932813 0.192188 0.903125 0.190625 0.901563 0.190625 0.896875 0.189063 0.895312 0.1875 0.895312 0.185937 0.89375
0 0.239063 0.1875 0.2375 0.189063 0.2375 0.203125 0.245312 0.210938 0.246875 0.210938 0.248437 0.209375 0.248437 0.196875 0.246875 0.195312 0.246875 0.190625 0.245312 0.189063 0.24375 0.189063 0.242188 0.1875
0 0.132812 0.56875 0.13125 0.570312 0.13125 0.590625 0.132812 0.592188 0.132812 0.59375 0.134375 0.595312 0.1375 0.595312 0.139062 0.596875 0.140625 0.595312 0.140625 0.59375 0.142188 0.592188 0.142188 0.585938 0.140625 0.584375 0.140625 0.579687 0.139062 0.578125 0.139062 0.575 0.1375 0.573438 0.1375 0.571875 0.134375 0.56875
0 0.320312 0.2375 0.31875 0.239063 0.31875 0.264062 0.321875 0.267188 0.323438 0.265625 0.323438 0.257812 0.325 0.25625 0.325 0.246875 0.326562 0.245312 0.326562 0.239063 0.325 0.239063 0.323438 0.2375
0 0.807813 0.470313 0.807813 0.478125 0.809375 0.479688 0.810938 0.479688 0.814062 0.482812 0.814062 0.484375 0.815625 0.485938 0.815625 0.489062 0.817187 0.490625 0.817187 0.492188 0.81875 0.49375 0.81875 0.496875 0.821875 0.5 0.826563 0.5 0.829687 0.496875 0.829687 0.489062 0.823438 0.482812 0.823438 0.478125 0.821875 0.476562 0.821875 0.475 0.820312 0.473437 0.81875 0.473437 0.815625 0.470313
0 0.239063 0.74375 0.2375 0.745313 0.2375 0.760938 0.239063 0.7625 0.239063 0.765625 0.240625 0.765625 0.246875 0.759375 0.246875 0.75625 0.245312 0.754687 0.245312 0.753125 0.24375 0.751562 0.24375 0.748438 0.242188 0.746875 0.242188 0.745313 0.240625 0.74375
0 0.703125 0.0875 0.701563 0.0890625 0.701563 0.09375 0.703125 0.0953125 0.703125 0.0984375 0.704687 0.1 0.704687 0.101562 0.70625 0.103125 0.70625 0.10625 0.707812 0.107813 0.707812 0.109375 0.709375 0.110937 0.710938 0.110937 0.7125 0.1125 0.715625 0.1125 0.71875 0.109375 0.71875 0.10625 0.717188 0.104687 0.717188 0.103125 0.710938 0.096875 0.710938 0.0921875 0.709375 0.090625 0.709375 0.0890625 0.704687 0.0890625
0 0.707812 0.325 0.70625 0.326562 0.70625 0.345313 0.707812 0.346875 0.710938 0.346875 0.710938 0.326562 0.709375 0.325
0 0.945312 0.614062 0.94375 0.615625 0.94375 0.620313 0.945312 0.621875 0.945312 0.625 0.948438 0.628125 0.948438 0.629687 0.95 0.63125 0.95 0.634375 0.951563 0.635938 0.959375 0.635938 0.960938 0.634375 0.960938 0.632812 0.959375 0.63125 0.959375 0.629687 0.95625 0.626562 0.95625 0.625 0.954687 0.623438 0.954687 0.620313 0.953125 0.61875 0.953125 0.617188 0.951563 0.617188 0.948438 0.614062
0 0.576563 0.26875 0.575 0.270312 0.575 0.296875 0.576563 0.298438 0.582812 0.298438 0.585938 0.295312 0.585938 0.28125 0.584375 0.279687 0.584375 0.273438 0.579687 0.26875
0 0.326562 0.4375 0.325 0.439063 0.325 0.459375 0.328125 0.4625 0.329688 0.4625 0.33125 0.460938 0.334375 0.460938 0.335938 0.459375 0.335938 0.448438 0.334375 0.446875 0.334375 0.442187 0.329688 0.4375
0 0.332812 0.664062 0.33125 0.665625 0.33125 0.684375 0.332812 0.685938 0.334375 0.685938 0.335938 0.684375 0.335938 0.665625 0.334375 0.664062
0 0.0390625 0.1625 0.0375 0.164062 0.0375 0.173438 0.0390625 0.175 0.0390625 0.178125 0.040625 0.178125 0.040625 0.175 0.0421875 0.173438 0.0421875 0.164062 0.040625 0.1625
0 0.657812 0.48125 0.65625 0.482812 0.65625 0.507812 0.657812 0.509375 0.657812 0.510938 0.664062 0.517187 0.665625 0.517187 0.667188 0.515625 0.66875 0.515625 0.670313 0.514063 0.670313 0.5125 0.66875 0.510938 0.66875 0.504687 0.667188 0.503125 0.667188 0.4875 0.665625 0.485938 0.665625 0.482812 0.664062 0.482812 0.6625 0.48125
0 0.314063 0.43125 0.3125 0.432813 0.3125 0.448438 0.314063 0.45 0.314063 0.457812 0.3125 0.459375 0.3125 0.467187 0.314063 0.46875 0.314063 0.470313 0.315625 0.470313 0.31875 0.467187 0.31875 0.459375 0.317187 0.457812 0.317187 0.454688 0.315625 0.453125 0.315625 0.451562 0.317187 0.45 0.317187 0.432813 0.315625 0.43125
0 0.56875 0.70625 0.567187 0.707812 0.565625 0.707812 0.564062 0.709375 0.567187 0.7125 0.567187 0.714063 0.56875 0.715625 0.56875 0.71875 0.570312 0.720312 0.570312 0.721875 0.56875 0.723437 0.56875 0.729688 0.570312 0.73125 0.570312 0.732813 0.571875 0.732813 0.576563 0.728125 0.576563 0.726562 0.571875 0.721875 0.571875 0.71875 0.573438 0.717188 0.573438 0.709375 0.570312 0.70625
0 0.682813 0.2375 0.68125 0.239063 0.68125 0.242188 0.682813 0.24375 0.682813 0.246875 0.684375 0.248437 0.684375 0.25 0.685938 0.251563 0.685938 0.253125 0.6875 0.254687 0.6875 0.257812 0.689062 0.259375 0.689062 0.264062 0.690625 0.265625 0.692187 0.265625 0.695312 0.26875 0.696875 0.26875 0.698438 0.267188 0.701563 0.267188 0.703125 0.265625 0.703125 0.2625 0.701563 0.260938 0.701563 0.259375 0.698438 0.25625 0.698438 0.253125 0.696875 0.251563 0.696875 0.25 0.692187 0.245312 0.692187 0.242188 0.690625 0.240625 0.690625 0.239063 0.6875 0.239063 0.685938 0.2375
0 0.732813 0.85 0.73125 0.851562 0.73125 0.865625 0.7375 0.871875 0.7375 0.876562 0.740625 0.879687 0.742188 0.878125 0.745313 0.878125 0.746875 0.876562 0.745313 0.875 0.745313 0.871875 0.74375 0.870313 0.74375 0.86875 0.742188 0.867188 0.742188 0.864062 0.740625 0.8625 0.740625 0.860937 0.7375 0.857813 0.7375 0.85625 0.735937 0.854688 0.735937 0.851562 0.734375 0.85
0 0.207813 0.16875 0.20625 0.170312 0.20625 0.196875 0.207813 0.198437 0.209375 0.198437 0.210938 0.196875 0.210938 0.176563 0.2125 0.175 0.2125 0.171875 0.209375 0.16875
0 0.495313 0.61875 0.49375 0.620313 0.49375 0.628125 0.5 0.634375 0.5 0.6375 0.501562 0.639063 0.501562 0.640625 0.503125 0.640625 0.503125 0.639063 0.507812 0.634375 0.50625 0.632812 0.50625 0.63125 0.504687 0.629687 0.504687 0.626562 0.496875 0.61875
0 0.589063 0.26875 0.5875 0.270312 0.5875 0.303125 0.589063 0.304688 0.595312 0.304688 0.598437 0.301562 0.598437 0.270312 0.596875 0.26875
0 0.470313 0.539062 0.46875 0.540625 0.46875 0.553125 0.473437 0.557813 0.473437 0.559375 0.475 0.560938 0.475 0.5625 0.476562 0.564062 0.479688 0.564062 0.48125 0.5625 0.48125 0.560938 0.482812 0.559375 0.482812 0.557813 0.479688 0.554688 0.479688 0.551562 0.478125 0.55 0.478125 0.548437 0.475 0.545313 0.475 0.542188 0.473437 0.540625 0.473437 0.539062
0 0.976562 0.825 0.975 0.826563 0.971875 0.826563 0.970312 0.828125 0.975 0.832812 0.975 0.84375 0.976562 0.845312 0.976562 0.846875 0.98125 0.851562 0.98125 0.853125 0.982813 0.854688 0.989062 0.854688 0.990625 0.853125 0.990625 0.846875 0.9875 0.84375 0.9875 0.842188 0.985937 0.840625 0.985937 0.839063 0.984375 0.8375 0.984375 0.835938 0.979688 0.83125 0.979688 0.828125
0 0.0390625 0.275 0.0375 0.276563 0.0375 0.298438 0.0390625 0.3 0.0390625 0.301562 0.040625 0.301562 0.040625 0.3 0.0421875 0.298438 0.0421875 0.276563 0.040625 0.275
0 0.470313 0.301562 0.470313 0.314063 0.471875 0.314063 0.471875 0.301562
0 0.201562 0.46875 0.2 0.470313 0.2 0.484375 0.198437 0.485938 0.198437 0.4875 0.195312 0.490625 0.195312 0.492188 0.19375 0.49375 0.19375 0.509375 0.195312 0.510938 0.196875 0.510938 0.198437 0.509375 0.2 0.509375 0.201562 0.507812 0.201562 0.50625 0.203125 0.504687 0.203125 0.503125 0.204688 0.501562 0.204688 0.479688 0.20625 0.478125 0.20625 0.476562 0.207813 0.475 0.207813 0.473437 0.209375 0.471875 0.209375 0.470313 0.20625 0.470313 0.204688 0.46875
0 0.926562 0.00625 0.925 0.0078125 0.925 0.021875 0.926562 0.0234375 0.926562 0.025 0.928125 0.025 0.929688 0.0265625 0.93125 0.0265625 0.932813 0.028125 0.934375 0.028125 0.934375 0.0265625 0.935938 0.025 0.935938 0.009375 0.932813 0.00625
0 0.378125 0.19375 0.375 0.196875 0.376563 0.198437 0.376563 0.2 0.378125 0.201562 0.378125 0.203125 0.382812 0.207813 0.382812 0.210938 0.384375 0.2125 0.384375 0.214062 0.385938 0.215625 0.385938 0.217187 0.3875 0.21875 0.3875 0.220313 0.389062 0.221875 0.390625 0.221875 0.390625 0.220313 0.392188 0.21875 0.392188 0.207813 0.390625 0.20625 0.390625 0.204688 0.385938 0.2 0.385938 0.196875 0.382812 0.19375
0 0.0640625 0.00625 0.0625 0.0078125 0.0625 0.01875 0.0640625 0.0203125 0.0640625 0.021875 0.0703125 0.021875 0.071875 0.0203125 0.071875 0.01875 0.0734375 0.0171875 0.0734375 0.0109375 0.071875 0.009375 0.071875 0.0078125 0.0703125 0.00625
0 0.439063 0.39375 0.4375 0.395312 0.434375 0.395312 0.434375 0.396875 0.435937 0.398438 0.435937 0.4 0.4375 0.401563 0.4375 0.407813 0.432813 0.4125 0.432813 0.414062 0.43125 0.415625 0.43125 0.421875 0.432813 0.423438 0.440625 0.423438 0.442187 0.421875 0.442187 0.395312 0.440625 0.39375
0 0.639063 0.7125 0.635938 0.715625 0.635938 0.720312 0.632812 0.723437 0.632812 0.725 0.63125 0.726562 0.63125 0.740625 0.632812 0.742188 0.632812 0.74375 0.635938 0.746875 0.6375 0.746875 0.639063 0.748438 0.640625 0.746875 0.642187 0.746875 0.64375 0.745313 0.64375 0.74375 0.645312 0.742188 0.645312 0.735937 0.64375 0.734375 0.64375 0.729688 0.642187 0.728125 0.642187 0.714063 0.640625 0.7125
0 0.751562 0.5 0.75 0.501562 0.75 0.510938 0.751562 0.5125 0.751562 0.514063 0.754687 0.517187 0.754687 0.51875 0.75625 0.520312 0.75625 0.521875 0.757812 0.523438 0.760938 0.523438 0.7625 0.521875 0.764063 0.521875 0.765625 0.520312 0.765625 0.517187 0.767187 0.515625 0.765625 0.514063 0.765625 0.5125 0.7625 0.509375 0.7625 0.50625 0.760938 0.504687 0.760938 0.501562 0.759375 0.5
0 0.314063 0.84375 0.3125 0.845312 0.310937 0.845312 0.310937 0.846875 0.3125 0.848437 0.3125 0.85 0.314063 0.851562 0.317187 0.851562 0.31875 0.853125 0.31875 0.860937 0.317187 0.8625 0.317187 0.864062 0.314063 0.867188 0.314063 0.873438 0.317187 0.876562 0.317187 0.878125 0.31875 0.879687 0.320312 0.879687 0.321875 0.88125 0.323438 0.879687 0.326562 0.879687 0.329688 0.876562 0.328125 0.875 0.328125 0.873438 0.323438 0.86875 0.323438 0.865625 0.321875 0.864062 0.321875 0.854688 0.320312 0.853125 0.31875 0.853125 0.317187 0.851562 0.317187 0.845312 0.315625 0.84375
0 0.295312 0.2375 0.29375 0.239063 0.29375 0.265625 0.295312 0.267188 0.295312 0.26875 0.296875 0.270312 0.298438 0.270312 0.3 0.26875 0.301562 0.26875 0.303125 0.267188 0.303125 0.251563 0.301562 0.25 0.301562 0.245312 0.3 0.24375 0.3 0.240625 0.296875 0.2375
0 0.859375 0.86875 0.85625 0.871875 0.85625 0.889063 0.860937 0.89375 0.860937 0.895312 0.8625 0.896875 0.8625 0.901563 0.864062 0.903125 0.864062 0.904688 0.86875 0.904688 0.870313 0.90625 0.871875 0.90625 0.873438 0.904688 0.875 0.904688 0.876562 0.903125 0.876562 0.9 0.875 0.898438 0.875 0.895312 0.873438 0.89375 0.873438 0.890625 0.871875 0.889063 0.871875 0.8875 0.867188 0.882812 0.867188 0.879687 0.865625 0.878125 0.865625 0.876562 0.864062 0.875 0.864062 0.873438
0 0.470313 0.825 0.46875 0.826563 0.46875 0.832812 0.475 0.839063 0.475 0.840625 0.476562 0.842188 0.478125 0.842188 0.48125 0.845312 0.48125 0.846875 0.482812 0.848437 0.490625 0.848437 0.492188 0.846875 0.492188 0.845312 0.4875 0.840625 0.4875 0.839063 0.479688 0.83125 0.479688 0.829687 0.476562 0.826563 0.475 0.826563 0.473437 0.825
0 0.564062 0.6375 0.5625 0.639063 0.5625 0.6625 0.564062 0.664062 0.564062 0.665625 0.570312 0.665625 0.571875 0.664062 0.571875 0.6625 0.573438 0.660937 0.573438 0.65 0.571875 0.648438 0.571875 0.640625 0.570312 0.639063 0.56875 0.639063 0.567187 0.6375
0 0.145313 0.05 0.14375 0.0515625 0.14375 0.0765625 0.145313 0.078125 0.148438 0.078125 0.148438 0.0625 0.15 0.0609375 0.15 0.053125 0.146875 0.05
0 0.120312 0.401563 0.11875 0.403125 0.11875 0.407813 0.120312 0.409375 0.120312 0.43125 0.121875 0.432813 0.121875 0.409375 0.123438 0.407813 0.123438 0.403125 0.121875 0.401563
0 0.639063 0.6375 0.6375 0.639063 0.6375 0.651563 0.639063 0.653125 0.639063 0.654688 0.640625 0.654688 0.645312 0.659375 0.646875 0.659375 0.646875 0.646875 0.645312 0.645312 0.645312 0.64375 0.64375 0.642187 0.64375 0.640625 0.640625 0.6375
0 0.89375 0 0.89375 0.009375 0.895312 0.0109375 0.895312 0.0140625 0.9 0.01875 0.9 0.021875 0.901563 0.0234375 0.903125 0.0234375 0.904688 0.025 0.909375 0.025 0.9125 0.021875 0.9125 0.01875 0.910937 0.0171875 0.910937 0.0140625 0.909375 0.0125 0.909375 0.0109375 0.90625 0.0078125 0.90625 0.00625 0.904688 0.0046875 0.904688 0
0 0.0390625 0.375 0.0375 0.376563 0.0375 0.407813 0.040625 0.410937 0.04375 0.407813 0.04375 0.392188 0.0421875 0.390625 0.0421875 0.376563 0.040625 0.375
0 0.514063 0.1 0.5125 0.101562 0.5125 0.109375 0.515625 0.1125 0.517187 0.1125 0.51875 0.114063 0.521875 0.114063 0.521875 0.110937 0.523438 0.109375 0.523438 0.107813 0.515625 0.1
0 0.395312 0.35625 0.39375 0.357812 0.39375 0.396875 0.396875 0.4 0.398438 0.4 0.4 0.398438 0.403125 0.398438 0.404687 0.396875 0.404687 0.373437 0.403125 0.371875 0.403125 0.3625 0.401563 0.360938 0.401563 0.359375 0.398438 0.35625
0 0.726562 0.4125 0.725 0.414062 0.725 0.429688 0.726562 0.43125 0.726562 0.432813 0.728125 0.434375 0.729688 0.434375 0.73125 0.435937 0.734375 0.435937 0.735937 0.434375 0.735937 0.414062 0.734375 0.4125
0 0.376563 0.539062 0.376563 0.551562 0.378125 0.553125 0.38125 0.553125 0.382812 0.554688 0.382812 0.557813 0.384375 0.559375 0.384375 0.564062 0.389062 0.564062 0.389062 0.5625 0.390625 0.560938 0.390625 0.557813 0.389062 0.55625 0.3875 0.55625 0.382812 0.551562 0.382812 0.539062
0 0.232812 0.59375 0.23125 0.595312 0.23125 0.604688 0.232812 0.60625 0.232812 0.607813 0.2375 0.6125 0.2375 0.615625 0.239063 0.617188 0.239063 0.61875 0.24375 0.61875 0.245312 0.617188 0.245312 0.6125 0.24375 0.610937 0.24375 0.607813 0.242188 0.60625 0.242188 0.596875 0.240625 0.595312 0.239063 0.595312 0.2375 0.59375
0 0.489062 0.957812 0.4875 0.959375 0.4875 0.990625 0.489062 0.992188 0.490625 0.992188 0.492188 0.990625 0.492188 0.959375 0.490625 0.957812
0 0.257812 0.5 0.25625 0.501562 0.25625 0.5125 0.257812 0.514063 0.257812 0.515625 0.2625 0.520312 0.2625 0.521875 0.264062 0.523438 0.264062 0.525 0.265625 0.525 0.267188 0.523438 0.267188 0.509375 0.265625 0.507812 0.265625 0.501562 0.264062 0.501562 0.2625 0.5
0 0.607813 0.209375 0.607813 0.2125 0.60625 0.214062 0.60625 0.217187 0.607813 0.21875 0.607813 0.221875 0.610937 0.221875 0.6125 0.220313 0.6125 0.214062 0.610937 0.2125 0.610937 0.210938 0.609375 0.209375
0 0.0578125 0.69375 0.05625 0.695312 0.05625 0.715625 0.0578125 0.717188 0.0625 0.717188 0.0640625 0.715625 0.065625 0.715625 0.065625 0.714063 0.0671875 0.7125 0.0671875 0.695312 0.065625 0.69375
0 0.164062 0.8125 0.1625 0.814062 0.1625 0.845312 0.165625 0.848437 0.167187 0.846875 0.16875 0.846875 0.16875 0.835938 0.167187 0.834375 0.167187 0.814062 0.165625 0.8125
0 0.0953125 0.24375 0.09375 0.245312 0.09375 0.259375 0.0953125 0.260938 0.096875 0.260938 0.0984375 0.259375 0.0984375 0.245312 0.096875 0.24375
0 0.240625 0.401563 0.239063 0.403125 0.239063 0.404687 0.240625 0.40625 0.240625 0.4125 0.239063 0.414062 0.239063 0.41875 0.2375 0.420312 0.2375 0.439063 0.240625 0.442187 0.242188 0.442187 0.24375 0.440625 0.246875 0.440625 0.246875 0.4375 0.248437 0.435937 0.248437 0.426562 0.246875 0.425 0.246875 0.420312 0.245312 0.41875 0.245312 0.417188 0.24375 0.415625 0.24375 0.414062 0.246875 0.410937 0.246875 0.401563
0 0.495313 0.0125 0.49375 0.0140625 0.49375 0.034375 0.495313 0.0359375 0.496875 0.0359375 0.498437 0.034375 0.498437 0.0140625 0.496875 0.0125
0 0.139062 0.40625 0.1375 0.407813 0.1375 0.435937 0.139062 0.4375 0.140625 0.4375 0.142188 0.435937 0.142188 0.420312 0.14375 0.41875 0.14375 0.415625 0.145313 0.414062 0.145313 0.4125 0.146875 0.410937 0.146875 0.407813 0.14375 0.407813 0.142188 0.40625
0 0.189063 0.81875 0.1875 0.820312 0.1875 0.846875 0.189063 0.848437 0.190625 0.848437 0.192188 0.846875 0.19375 0.846875 0.19375 0.845312 0.195312 0.84375 0.195312 0.820312 0.19375 0.820312 0.192188 0.81875
0 0.626562 0.04375 0.625 0.0453125 0.625 0.053125 0.626562 0.0546875 0.626562 0.059375 0.628125 0.0609375 0.628125 0.0625 0.629687 0.0640625 0.629687 0.065625 0.632812 0.06875 0.632812 0.0703125 0.634375 0.0703125 0.639063 0.065625 0.639063 0.0640625 0.6375 0.0625 0.6375 0.0609375 0.635938 0.059375 0.635938 0.0515625 0.634375 0.05 0.634375 0.0484375 0.632812 0.046875 0.632812 0.0453125 0.63125 0.0453125 0.629687 0.04375
0 0.945312 0.932813 0.945312 0.953125 0.948438 0.95625 0.948438 0.959375 0.95 0.960938 0.95 0.964063 0.951563 0.965625 0.957812 0.965625 0.959375 0.964063 0.959375 0.9625 0.960938 0.960938 0.960938 0.954687 0.959375 0.953125 0.959375 0.95 0.954687 0.945312 0.954687 0.939062 0.953125 0.9375 0.953125 0.934375 0.951563 0.932813
0 0.826563 0.5375 0.825 0.539062 0.825 0.557813 0.828125 0.560938 0.829687 0.560938 0.83125 0.559375 0.834375 0.559375 0.834375 0.548437 0.832812 0.546875 0.832812 0.545313 0.83125 0.54375 0.83125 0.540625 0.828125 0.5375
0 0.945312 0.175 0.94375 0.176563 0.94375 0.189063 0.945312 0.190625 0.945312 0.192188 0.946875 0.19375 0.946875 0.195312 0.948438 0.196875 0.948438 0.2 0.95 0.201562 0.95 0.203125 0.951563 0.204688 0.95625 0.204688 0.957812 0.203125 0.959375 0.203125 0.959375 0.198437 0.957812 0.196875 0.957812 0.195312 0.95625 0.19375 0.95625 0.192188 0.954687 0.190625 0.954687 0.182812 0.953125 0.18125 0.953125 0.179688 0.95 0.176563 0.948438 0.176563 0.946875 0.175
0 0.951563 0.276563 0.951563 0.282813 0.953125 0.284375 0.953125 0.2875 0.954687 0.289062 0.954687 0.290625 0.95625 0.292188 0.95625 0.29375 0.957812 0.295312 0.957812 0.301562 0.9625 0.301562 0.965625 0.298438 0.965625 0.292188 0.960938 0.2875 0.960938 0.284375 0.959375 0.282813 0.959375 0.28125 0.954687 0.276563
0 0.576563 0.14375 0.575 0.145313 0.575 0.164062 0.576563 0.165625 0.579687 0.165625 0.58125 0.167187 0.582812 0.167187 0.585938 0.164062 0.585938 0.151562 0.584375 0.15 0.584375 0.148438 0.58125 0.145313 0.579687 0.145313 0.578125 0.14375
0 0.0578125 0.36875 0.05625 0.370313 0.05625 0.390625 0.0578125 0.392188 0.059375 0.392188 0.0609375 0.390625 0.0609375 0.38125 0.0640625 0.378125 0.0640625 0.376563 0.065625 0.375 0.065625 0.370313 0.0640625 0.36875
0 0.984375 0.3625 0.98125 0.365625 0.98125 0.378125 0.982813 0.379687 0.982813 0.382812 0.985937 0.385938 0.985937 0.3875 0.9875 0.389062 0.9875 0.390625 0.990625 0.39375 0.998438 0.39375 0.998438 0.370313 0.996875 0.370313 0.99375 0.367188 0.99375 0.365625 0.990625 0.3625
0 0.896875 0.79375 0.89375 0.796875 0.89375 0.798437 0.895312 0.8 0.895312 0.809375 0.9 0.814062 0.9 0.815625 0.901563 0.817187 0.901563 0.81875 0.907812 0.81875 0.910937 0.815625 0.910937 0.810938 0.909375 0.809375 0.909375 0.807813 0.907812 0.807813 0.904688 0.804688 0.904688 0.801562
0 0.846875 0.075 0.846875 0.0765625 0.845312 0.078125 0.845312 0.0828125 0.846875 0.084375 0.848437 0.0828125 0.848437 0.08125 0.846875 0.0796875
0 0.721875 0.175 0.71875 0.178125 0.71875 0.185937 0.720312 0.1875 0.720312 0.189063 0.723437 0.192188 0.723437 0.19375 0.725 0.195312 0.725 0.196875 0.728125 0.2 0.73125 0.2 0.734375 0.196875 0.734375 0.195312 0.73125 0.192188 0.73125 0.190625 0.729688 0.189063 0.729688 0.185937 0.728125 0.184375 0.728125 0.182812 0.725 0.179688 0.725 0.178125
0 0.953125 0.0078125 0.953125 0.0203125 0.95625 0.0234375 0.960938 0.0234375 0.9625 0.021875 0.964063 0.021875 0.964063 0.01875 0.960938 0.015625 0.960938 0.009375 0.959375 0.0078125
0 0.476562 0.29375 0.475 0.295312 0.475 0.298438 0.476562 0.3 0.476562 0.301562 0.48125 0.30625 0.48125 0.309375 0.482812 0.310937 0.489062 0.310937 0.490625 0.309375 0.490625 0.30625 0.489062 0.304688 0.489062 0.303125 0.4875 0.301562 0.4875 0.3 0.485938 0.298438 0.485938 0.295312 0.484375 0.29375
0 0.851562 0.178125 0.851562 0.190625 0.854688 0.19375 0.854688 0.195312 0.857813 0.198437 0.864062 0.198437 0.865625 0.196875 0.865625 0.19375 0.860937 0.189063 0.860937 0.185937 0.859375 0.184375 0.859375 0.182812 0.854688 0.178125
0 0.0890625 0.501562 0.0875 0.503125 0.0875 0.504687 0.0890625 0.50625 0.0890625 0.520312 0.0875 0.521875 0.0875 0.529688 0.0890625 0.53125 0.0890625 0.534375 0.090625 0.534375 0.090625 0.53125 0.0921875 0.529688 0.0921875 0.521875 0.090625 0.520312 0.090625 0.50625 0.0921875 0.504687 0.0921875 0.503125 0.090625 0.501562
0 0.420312 0.48125 0.41875 0.482812 0.41875 0.490625 0.420312 0.492188 0.421875 0.492188 0.425 0.495313 0.425 0.496875 0.426562 0.498437 0.432813 0.498437 0.434375 0.496875 0.434375 0.495313 0.43125 0.492188 0.43125 0.490625 0.421875 0.48125
0 0.289062 0.1125 0.2875 0.114063 0.2875 0.129688 0.290625 0.132812 0.292188 0.13125 0.292188 0.129688 0.29375 0.128125 0.29375 0.114063 0.292188 0.114063 0.290625 0.1125
0 0.807813 0.546875 0.807813 0.5625 0.809375 0.564062 0.815625 0.564062 0.815625 0.560938 0.814062 0.559375 0.814062 0.553125 0.8125 0.551562 0.8125 0.548437 0.810938 0.546875
0 0.326562 0.15625 0.325 0.157813 0.325 0.171875 0.326562 0.173438 0.326562 0.175 0.329688 0.178125 0.33125 0.178125 0.332812 0.179688 0.334375 0.179688 0.335938 0.178125 0.335938 0.176563 0.3375 0.175 0.3375 0.16875 0.335938 0.167187 0.335938 0.160938 0.334375 0.159375 0.334375 0.157813 0.332812 0.157813 0.33125 0.15625
0 0.520312 0.33125 0.51875 0.332812 0.51875 0.346875 0.520312 0.348437 0.520312 0.35 0.523438 0.353125 0.523438 0.354688 0.525 0.35625 0.525 0.359375 0.526563 0.360938 0.534375 0.360938 0.535937 0.359375 0.535937 0.35 0.534375 0.348437 0.534375 0.345313 0.529688 0.340625 0.529688 0.334375 0.526563 0.33125
0 0.482812 0.0203125 0.482812 0.03125 0.48125 0.0328125 0.482812 0.034375 0.482812 0.0375 0.484375 0.0375 0.484375 0.0359375 0.485938 0.034375 0.485938 0.028125 0.484375 0.0265625 0.485938 0.025 0.485938 0.021875 0.484375 0.0203125
0 0.964063 0.35 0.9625 0.351562 0.9625 0.365625 0.964063 0.367188 0.964063 0.36875 0.967188 0.36875 0.96875 0.367188 0.970312 0.367188 0.971875 0.365625 0.971875 0.364062 0.970312 0.3625 0.970312 0.360938 0.96875 0.359375 0.96875 0.354688 0.967188 0.353125 0.967188 0.351562 0.965625 0.35
0 0.378125 0.275 0.375 0.278125 0.376563 0.279687 0.376563 0.282813 0.378125 0.284375 0.378125 0.29375 0.376563 0.295312 0.376563 0.307813 0.378125 0.309375 0.38125 0.309375 0.382812 0.310937 0.384375 0.309375 0.385938 0.309375 0.3875 0.307813 0.3875 0.30625 0.389062 0.304688 0.389062 0.301562 0.3875 0.3 0.3875 0.298438 0.385938 0.296875 0.385938 0.282813 0.384375 0.28125 0.384375 0.278125 0.382812 0.276563 0.379687 0.276563
0 0.107813 0.320312 0.10625 0.321875 0.10625 0.340625 0.107813 0.342187 0.107813 0.345313 0.110937 0.345313 0.110937 0.34375 0.1125 0.342187 0.1125 0.326562 0.110937 0.325 0.110937 0.320312
0 0.0703125 0.24375 0.06875 0.245312 0.06875 0.265625 0.0703125 0.267188 0.071875 0.267188 0.0734375 0.265625 0.0734375 0.245312 0.071875 0.24375
0 0.0328125 0.575 0.03125 0.576563 0.03125 0.595312 0.0328125 0.596875 0.0328125 0.6 0.034375 0.601562 0.0359375 0.601562 0.0375 0.603125 0.0390625 0.603125 0.040625 0.601562 0.040625 0.596875 0.0421875 0.595312 0.0421875 0.592188 0.040625 0.590625 0.040625 0.582812 0.0390625 0.58125 0.0390625 0.578125 0.0375 0.576563 0.0359375 0.576563 0.034375 0.575
0 0.982813 0.55 0.98125 0.551562 0.98125 0.567187 0.982813 0.56875 0.982813 0.571875 0.984375 0.573438 0.9875 0.573438 0.989062 0.575 0.990625 0.575 0.992188 0.573438 0.995313 0.573438 0.996875 0.571875 0.998438 0.571875 0.998438 0.565625 0.995313 0.565625 0.99375 0.564062 0.99375 0.560938 0.992188 0.559375 0.992188 0.551562 0.990625 0.55
0 0.464063 0.95 0.4625 0.951563 0.4625 0.971875 0.464063 0.973437 0.467187 0.973437 0.470313 0.970312 0.470313 0.96875 0.46875 0.967188 0.46875 0.951563 0.467187 0.951563 0.465625 0.95
0 0.139062 0.725 0.1375 0.726562 0.1375 0.765625 0.139062 0.767187 0.139062 0.773438 0.140625 0.775 0.140625 0.776563 0.142188 0.776563 0.14375 0.778125 0.148438 0.778125 0.153125 0.773438 0.153125 0.765625 0.151562 0.764063 0.151562 0.760938 0.15 0.759375 0.15 0.754687 0.148438 0.753125 0.148438 0.728125 0.145313 0.725
0 0.939062 0.470313 0.9375 0.471875 0.9375 0.482812 0.939062 0.484375 0.939062 0.485938 0.942187 0.485938 0.94375 0.484375 0.94375 0.476562 0.942187 0.475 0.942187 0.470313
0 0.807813 0.9625 0.80625 0.964063 0.80625 0.967188 0.807813 0.96875 0.807813 0.971875 0.8125 0.976562 0.8125 0.978125 0.814062 0.979688 0.814062 0.98125 0.815625 0.98125 0.81875 0.978125 0.81875 0.975 0.817187 0.973437 0.817187 0.967188 0.815625 0.965625 0.815625 0.964063 0.814062 0.964063 0.8125 0.9625
0 0.882812 0.10625 0.88125 0.107813 0.88125 0.117188 0.882812 0.11875 0.882812 0.121875 0.885938 0.125 0.885938 0.126563 0.8875 0.128125 0.8875 0.132812 0.889063 0.134375 0.895312 0.134375 0.898438 0.13125 0.898438 0.129688 0.9 0.128125 0.9 0.120312 0.898438 0.11875 0.898438 0.115625 0.892187 0.109375 0.892187 0.107813 0.890625 0.10625
0 0.439063 0.00625 0.4375 0.0078125 0.4375 0.0140625 0.440625 0.0171875 0.442187 0.015625 0.44375 0.015625 0.44375 0.009375 0.440625 0.00625
0 0.903125 0.34375 0.9 0.346875 0.9 0.35 0.901563 0.351562 0.901563 0.359375 0.903125 0.359375 0.904688 0.360938 0.9125 0.360938 0.914062 0.359375 0.915625 0.359375 0.915625 0.35625 0.9125 0.353125 0.9125 0.351562 0.910937 0.35 0.910937 0.348437 0.909375 0.346875 0.909375 0.345313 0.90625 0.345313 0.904688 0.34375
0 0.732813 0.0578125 0.73125 0.059375 0.73125 0.0703125 0.732813 0.071875 0.732813 0.0765625 0.734375 0.078125 0.739062 0.078125 0.740625 0.0765625 0.742188 0.0765625 0.745313 0.0734375 0.746875 0.0734375 0.746875 0.06875 0.740625 0.0625 0.740625 0.0578125
0 0.489062 0.18125 0.4875 0.182812 0.4875 0.196875 0.489062 0.198437 0.489062 0.2 0.490625 0.2 0.492188 0.201562 0.496875 0.201562 0.498437 0.2 0.498437 0.198437 0.5 0.196875 0.5 0.19375 0.498437 0.192188 0.498437 0.184375 0.495313 0.18125
0 0.614062 0.36875 0.6125 0.370313 0.6125 0.384375 0.614062 0.385938 0.615625 0.385938 0.617188 0.3875 0.61875 0.3875 0.620313 0.389062 0.621875 0.3875 0.621875 0.385938 0.623438 0.384375 0.623438 0.38125 0.620313 0.378125 0.620313 0.376563 0.61875 0.375 0.61875 0.373437 0.617188 0.371875 0.617188 0.370313 0.615625 0.36875
0 0.576563 0.0078125 0.575 0.009375 0.575 0.0203125 0.576563 0.021875 0.576563 0.0265625 0.578125 0.028125 0.582812 0.028125 0.584375 0.0265625 0.584375 0.025 0.582812 0.0234375 0.582812 0.0203125 0.58125 0.01875 0.58125 0.0109375 0.579687 0.009375 0.579687 0.0078125
0 0.789062 0.10625 0.7875 0.107813 0.7875 0.114063 0.789062 0.115625 0.789062 0.117188 0.790625 0.11875 0.792188 0.11875 0.795313 0.121875 0.795313 0.125 0.801562 0.13125 0.803125 0.13125 0.804688 0.129688 0.80625 0.129688 0.807813 0.128125 0.809375 0.128125 0.809375 0.126563 0.80625 0.123438 0.80625 0.121875 0.804688 0.120312 0.804688 0.117188 0.803125 0.115625 0.803125 0.114063 0.798437 0.109375 0.798437 0.107813 0.796875 0.107813 0.795313 0.10625
0 0.878125 0.614062 0.876562 0.615625 0.879687 0.61875 0.879687 0.621875 0.878125 0.623438 0.878125 0.625 0.876562 0.626562 0.876562 0.634375 0.882812 0.640625 0.884375 0.640625 0.890625 0.634375 0.890625 0.632812 0.885938 0.628125 0.885938 0.625 0.884375 0.623438 0.884375 0.620313 0.882812 0.61875 0.88125 0.61875 0.878125 0.615625
0 0.545313 0.20625 0.54375 0.207813 0.54375 0.240625 0.546875 0.24375 0.551562 0.24375 0.554688 0.240625 0.554688 0.21875 0.553125 0.217187 0.553125 0.2125 0.551562 0.210938 0.551562 0.209375 0.55 0.207813 0.548437 0.207813 0.546875 0.20625
0 0.420312 0.884375 0.420312 0.8875 0.41875 0.889063 0.420312 0.890625 0.420312 0.892187 0.421875 0.892187 0.423438 0.890625 0.423438 0.8875 0.421875 0.885938 0.421875 0.884375
0 0.351562 0.982813 0.351562 0.990625 0.353125 0.992188 0.353125 0.998438 0.360938 0.998438 0.360938 0.990625 0.359375 0.989062 0.359375 0.9875 0.354688 0.982813
0 0.439063 0.1625 0.4375 0.164062 0.4375 0.182812 0.439063 0.184375 0.442187 0.184375 0.442187 0.182812 0.44375 0.18125 0.44375 0.179688 0.445312 0.178125 0.445312 0.175 0.44375 0.173438 0.44375 0.165625 0.440625 0.1625
0 0.0640625 0.625 0.0625 0.626562 0.0625 0.646875 0.0640625 0.648438 0.0640625 0.65 0.0671875 0.65 0.06875 0.648438 0.0703125 0.648438 0.071875 0.646875 0.071875 0.626562 0.0703125 0.626562 0.06875 0.625
0
0 0.639063 0.8875 0.6375 0.889063 0.6375 0.914062 0.639063 0.915625 0.642187 0.915625 0.642187 0.914062 0.64375 0.9125 0.64375 0.910937 0.645312 0.909375 0.645312 0.907812 0.64375 0.90625 0.64375 0.901563 0.642187 0.9 0.642187 0.889063 0.640625 0.8875
0 0.101562 0.5 0.1 0.501562 0.1 0.528125 0.101562 0.529688 0.103125 0.529688 0.104687 0.528125 0.10625 0.528125 0.10625 0.503125 0.103125 0.5
0 0.0640625 0.451562 0.0640625 0.454688 0.065625 0.45625 0.065625 0.457812 0.0671875 0.459375 0.0671875 0.465625 0.065625 0.467187 0.065625 0.470313 0.0640625 0.471875 0.0640625 0.478125 0.065625 0.478125 0.0671875 0.479688 0.071875 0.479688 0.0734375 0.478125 0.0734375 0.46875 0.071875 0.467187 0.071875 0.45625 0.0671875 0.451562
0 0.614062 0.775 0.6125 0.776563 0.6125 0.782812 0.620313 0.790625 0.626562 0.790625 0.626562 0.789062 0.625 0.7875 0.625 0.785937 0.623438 0.784375 0.623438 0.78125 0.61875 0.776563 0.617188 0.776563 0.615625 0.775
0 0.307813 0.6625 0.30625 0.664062 0.30625 0.671875 0.307813 0.673437 0.309375 0.673437 0.3125 0.676562 0.3125 0.678125 0.315625 0.68125 0.317187 0.68125 0.320312 0.684375 0.320312 0.685938 0.321875 0.6875 0.321875 0.685938 0.323438 0.684375 0.323438 0.682813 0.320312 0.679688 0.320312 0.678125 0.31875 0.676562 0.31875 0.671875 0.317187 0.670313 0.317187 0.665625 0.315625 0.664062 0.314063 0.664062 0.3125 0.6625
0 0.646875 0.15 0.64375 0.153125 0.64375 0.154687 0.645312 0.15625 0.645312 0.16875 0.64375 0.170312 0.645312 0.171875 0.645312 0.173438 0.653125 0.173438 0.654688 0.171875 0.654688 0.154687 0.653125 0.153125 0.653125 0.151562 0.651563 0.151562 0.65 0.15
0 0.101562 0.98125 0.1 0.982813 0.1 0.995313 0.101562 0.996875 0.101562 0.998438 0.110937 0.998438 0.110937 0.992188 0.109375 0.990625 0.109375 0.989062 0.104687 0.984375 0.104687 0.982813 0.103125 0.98125
0
0 0.0765625 0.98125 0.075 0.982813 0.075 0.998438 0.0859375 0.998438 0.0859375 0.985937 0.084375 0.984375 0.084375 0.982813 0.0828125 0.982813 0.08125 0.98125
0 0.807813 0.34375 0.80625 0.345313 0.80625 0.3625 0.807813 0.364062 0.807813 0.367188 0.80625 0.36875 0.80625 0.376563 0.807813 0.378125 0.807813 0.38125 0.809375 0.382812 0.809375 0.384375 0.810938 0.385938 0.810938 0.3875 0.814062 0.390625 0.817187 0.390625 0.81875 0.389062 0.820312 0.389062 0.820312 0.3875 0.821875 0.385938 0.821875 0.370313 0.820312 0.36875 0.820312 0.365625 0.81875 0.364062 0.81875 0.359375 0.817187 0.357812 0.817187 0.351562 0.815625 0.35 0.815625 0.346875 0.814062 0.345313 0.8125 0.345313 0.810938 0.34375
0 0.164062 0.367188 0.164062 0.36875 0.1625 0.370313 0.1625 0.389062 0.164062 0.390625 0.165625 0.390625 0.167187 0.389062 0.167187 0.370313 0.165625 0.36875 0.165625 0.367188
0 0.295312 0.365625 0.295312 0.373437 0.29375 0.375 0.29375 0.3875 0.295312 0.389062 0.295312 0.390625 0.296875 0.392188 0.3 0.392188 0.301562 0.39375 0.303125 0.39375 0.304688 0.392188 0.304688 0.390625 0.30625 0.389062 0.304688 0.3875 0.304688 0.376563 0.303125 0.375 0.303125 0.373437 0.296875 0.367188 0.296875 0.365625
0 0.451562 0.00625 0.45 0.0078125 0.45 0.0109375 0.451562 0.0125 0.451562 0.0140625 0.453125 0.0140625 0.453125 0.0125 0.454688 0.0109375 0.454688 0.0078125 0.453125 0.00625
0 0.889063 0.682813 0.889063 0.690625 0.8875 0.692187 0.8875 0.701563 0.889063 0.703125 0.892187 0.703125 0.892187 0.701563 0.89375 0.7 0.89375 0.69375 0.892187 0.692187 0.892187 0.684375 0.890625 0.682813
0 0.701563 0.53125 0.7 0.532812 0.7 0.540625 0.701563 0.542188 0.703125 0.542188 0.70625 0.545313 0.70625 0.546875 0.707812 0.548437 0.715625 0.548437 0.717188 0.546875 0.717188 0.545313 0.710938 0.539062 0.710938 0.5375 0.709375 0.535937 0.707812 0.535937 0.70625 0.534375 0.70625 0.532812 0.704687 0.532812 0.703125 0.53125
0 0.382812 0.075 0.38125 0.0765625 0.38125 0.0953125 0.384375 0.0984375 0.385938 0.096875 0.389062 0.096875 0.390625 0.0953125 0.390625 0.0921875 0.392188 0.090625 0.392188 0.0765625 0.390625 0.075
0 0.709375 0.8125 0.70625 0.815625 0.70625 0.826563 0.707812 0.828125 0.707812 0.832812 0.709375 0.834375 0.710938 0.834375 0.7125 0.835938 0.715625 0.835938 0.717188 0.834375 0.71875 0.834375 0.720312 0.832812 0.720312 0.829687 0.71875 0.828125 0.71875 0.825 0.717188 0.823438 0.717188 0.815625 0.715625 0.814062 0.7125 0.814062 0.710938 0.8125
0 0.982813 0.0140625 0.982813 0.0359375 0.989062 0.0359375 0.990625 0.034375 0.990625 0.0140625
0 0.190625 0.0875 0.1875 0.090625 0.1875 0.109375 0.189063 0.110937 0.192188 0.110937 0.192188 0.109375 0.19375 0.107813 0.19375 0.10625 0.192188 0.104687 0.192188 0.0890625
0 0.345313 0.520312 0.34375 0.521875 0.34375 0.5375 0.345313 0.539062 0.345313 0.540625 0.346875 0.540625 0.348437 0.539062 0.348437 0.535937 0.35 0.534375 0.35 0.53125 0.348437 0.529688 0.348437 0.521875 0.346875 0.520312
0 0.670313 0.0078125 0.670313 0.009375 0.675 0.009375 0.675 0.0078125
0 0.0390625 0.920313 0.0375 0.921875 0.0375 0.934375 0.040625 0.9375 0.0421875 0.9375 0.0453125 0.940625 0.0453125 0.94375 0.046875 0.945312 0.046875 0.946875 0.0484375 0.946875 0.05 0.945312 0.046875 0.942187 0.046875 0.9375 0.0453125 0.935938 0.0453125 0.93125 0.04375 0.929688 0.04375 0.926562 0.0421875 0.925 0.0421875 0.921875 0.040625 0.920313
0 0.889063 0.26875 0.8875 0.270312 0.8875 0.276563 0.895312 0.284375 0.895312 0.285937 0.903125 0.285937 0.904688 0.284375 0.904688 0.28125 0.903125 0.279687 0.903125 0.278125 0.898438 0.273438 0.898438 0.271875 0.895312 0.26875
0 0.932813 0.0890625 0.93125 0.090625 0.93125 0.1 0.932813 0.101562 0.932813 0.103125 0.934375 0.104687 0.940625 0.104687 0.940625 0.0984375 0.939062 0.096875 0.939062 0.0953125 0.9375 0.09375 0.9375 0.090625 0.935938 0.0890625
0 0.307813 0.93125 0.30625 0.932813 0.30625 0.94375 0.307813 0.945312 0.307813 0.946875 0.314063 0.953125 0.315625 0.953125 0.317187 0.951563 0.317187 0.95 0.31875 0.948438 0.31875 0.94375 0.317187 0.942187 0.317187 0.939062 0.309375 0.93125
0 0.407813 0.075 0.40625 0.0765625 0.40625 0.084375 0.407813 0.0859375 0.407813 0.0875 0.409375 0.0890625 0.409375 0.090625 0.4125 0.09375 0.4125 0.0953125 0.415625 0.0984375 0.423438 0.0984375 0.425 0.096875 0.425 0.0921875 0.423438 0.090625 0.423438 0.0875 0.421875 0.0859375 0.421875 0.084375 0.41875 0.08125 0.41875 0.0796875 0.417188 0.078125 0.417188 0.0765625 0.415625 0.075
0
0
0 0.446875 0.9875 0.44375 0.990625 0.445312 0.992188 0.445312 0.998438 0.453125 0.998438 0.453125 0.989062 0.448438 0.989062
0 0.951563 0.09375 0.95 0.0953125 0.95 0.10625 0.951563 0.107813 0.951563 0.109375 0.953125 0.109375 0.954687 0.107813 0.954687 0.104687 0.95625 0.103125 0.95625 0.1 0.954687 0.0984375 0.954687 0.0953125 0.953125 0.09375
0 0.495313 0.09375 0.49375 0.0953125 0.49375 0.109375 0.495313 0.110937 0.503125 0.110937 0.503125 0.109375 0.504687 0.107813 0.503125 0.10625 0.503125 0.101562 0.5 0.0984375 0.5 0.096875 0.496875 0.09375
0 0.81875 0 0.81875 0.0078125 0.820312 0.009375 0.820312 0.0109375 0.828125 0.0109375 0.829687 0.009375 0.829687 0
0 0.432813 0.882812 0.43125 0.884375 0.43125 0.8875 0.432813 0.889063 0.43125 0.890625 0.43125 0.895312 0.432813 0.896875 0.432813 0.898438 0.434375 0.898438 0.434375 0.896875 0.435937 0.895312 0.435937 0.890625 0.434375 0.889063 0.435937 0.8875 0.435937 0.884375 0.434375 0.882812
0 0.0828125 0.614062 0.0828125 0.615625 0.08125 0.617188 0.08125 0.628125 0.0828125 0.629687 0.084375 0.629687 0.0859375 0.628125 0.0859375 0.617188 0.084375 0.615625 0.084375 0.614062
0 0.195312 0.8875 0.19375 0.889063 0.19375 0.903125 0.195312 0.904688 0.196875 0.904688 0.198437 0.903125 0.2 0.903125 0.2 0.89375 0.198437 0.892187 0.198437 0.889063 0.196875 0.8875
0 0.995313 0.675 0.99375 0.676562 0.99375 0.684375 0.995313 0.685938 0.995313 0.689062 0.998438 0.689062 0.998438 0.675
0 0.195312 0.6375 0.19375 0.639063 0.19375 0.645312 0.196875 0.648438 0.198437 0.646875 0.203125 0.646875 0.203125 0.64375 0.201562 0.642187 0.201562 0.640625 0.2 0.639063 0.198437 0.639063 0.196875 0.6375
0 0.870313 0.26875 0.86875 0.270312 0.86875 0.285937 0.871875 0.289062 0.873438 0.2875 0.876562 0.2875 0.879687 0.284375 0.879687 0.278125 0.878125 0.276563 0.878125 0.271875 0.876562 0.270312 0.875 0.270312 0.873438 0.26875
0 0.951563 0.8125 0.95 0.814062 0.95 0.81875 0.951563 0.820312 0.951563 0.821875 0.954687 0.825 0.954687 0.826563 0.957812 0.829687 0.959375 0.829687 0.9625 0.832812 0.9625 0.834375 0.964063 0.835938 0.96875 0.835938 0.970312 0.8375 0.971875 0.8375 0.975 0.834375 0.975 0.832812 0.971875 0.829687 0.971875 0.828125 0.965625 0.821875 0.965625 0.820312 0.964063 0.820312 0.960938 0.817187 0.960938 0.815625 0.957812 0.8125
0 0.926562 0.16875 0.925 0.170312 0.925 0.189063 0.926562 0.190625 0.926562 0.192188 0.93125 0.196875 0.940625 0.196875 0.940625 0.189063 0.939062 0.1875 0.939062 0.185937 0.9375 0.184375 0.9375 0.18125 0.935938 0.179688 0.935938 0.173438 0.934375 0.171875 0.934375 0.170312 0.932813 0.170312 0.93125 0.16875
0 0.895312 0.995313 0.895312 0.998438 0.903125 0.998438 0.903125 0.995313
0 0.301562 0.11875 0.3 0.120312 0.3 0.139062 0.301562 0.140625 0.304688 0.140625 0.304688 0.120312 0.303125 0.11875
0 0.046875 0.582812 0.0453125 0.584375 0.0453125 0.603125 0.053125 0.603125 0.053125 0.601562 0.0546875 0.6 0.0546875 0.584375 0.053125 0.582812
0 0.128125 0.71875 0.125 0.721875 0.125 0.739062 0.126563 0.740625 0.13125 0.740625 0.132812 0.739062 0.132812 0.732813 0.13125 0.73125 0.13125 0.725 0.129688 0.723437 0.129688 0.720312
0 0 0.6875 0 0.714063 0.0015625 0.714063 0.003125 0.7125 0.003125 0.709375 0.0046875 0.707812 0.0046875 0.689062 0.003125 0.6875
0 0.114063 0.7125 0.1125 0.714063 0.1125 0.721875 0.114063 0.723437 0.115625 0.723437 0.117188 0.721875 0.117188 0.714063 0.115625 0.7125
0 0.995313 0.23125 0.99375 0.232812 0.99375 0.235938 0.995313 0.2375 0.995313 0.239063 0.996875 0.240625 0.998438 0.240625 0.998438 0.23125
0 0.926562 0.91875 0.925 0.920313 0.925 0.923437 0.926562 0.925 0.926562 0.928125 0.939062 0.940625 0.939062 0.942187 0.94375 0.942187 0.945312 0.940625 0.945312 0.939062 0.94375 0.9375 0.94375 0.934375 0.942187 0.932813 0.942187 0.93125 0.940625 0.929688 0.940625 0.928125 0.9375 0.925 0.9375 0.923437 0.935938 0.921875 0.935938 0.920313 0.934375 0.920313 0.932813 0.91875
0 0.782812 0.0125 0.78125 0.0140625 0.78125 0.0234375 0.782812 0.025 0.782812 0.0265625 0.789062 0.0265625 0.792188 0.0234375 0.792188 0.01875 0.790625 0.0171875 0.790625 0.015625 0.789062 0.0140625 0.7875 0.0140625 0.785937 0.0125
0 0.501562 0.175 0.5 0.176563 0.5 0.182812 0.501562 0.184375 0.501562 0.185937 0.504687 0.185937 0.50625 0.1875 0.509375 0.1875 0.509375 0.185937 0.510938 0.184375 0.510938 0.182812 0.509375 0.18125 0.509375 0.178125 0.507812 0.176563 0.50625 0.176563 0.504687 0.175
