0 0.139062 0.0765625 0.139062 0.078125 0.1375 0.0796875 0.1375 0.0828125 0.13125 0.0890625 0.13125 0.090625 0.128125 0.09375 0.126563 0.09375 0.125 0.0953125 0.125 0.101562 0.126563 0.103125 0.128125 0.103125 0.135937 0.0953125 0.135937 0.09375 0.140625 0.0890625 0.140625 0.0875 0.142188 0.0859375 0.142188 0.084375 0.148438 0.078125 0.146875 0.0765625
0 0.382812 0.125 0.375 0.132812 0.375 0.134375 0.371875 0.1375 0.370313 0.1375 0.36875 0.139062 0.36875 0.140625 0.364062 0.145313 0.364062 0.153125 0.365625 0.153125 0.370313 0.148438 0.371875 0.148438 0.373437 0.146875 0.373437 0.145313 0.376563 0.142188 0.378125 0.142188 0.379687 0.140625 0.379687 0.139062 0.385938 0.132812 0.385938 0.13125 0.389062 0.128125 0.389062 0.126563 0.3875 0.126563 0.385938 0.125
0 0.448438 0.25 0.446875 0.251563 0.445312 0.251563 0.445312 0.253125 0.44375 0.254687 0.44375 0.25625 0.442187 0.257812 0.442187 0.259375 0.4375 0.264062 0.4375 0.265625 0.43125 0.271875 0.43125 0.273438 0.429688 0.275 0.429688 0.276563 0.426562 0.279687 0.426562 0.28125 0.425 0.282813 0.425 0.290625 0.426562 0.292188 0.428125 0.292188 0.429688 0.290625 0.429688 0.289062 0.432813 0.285937 0.434375 0.285937 0.435937 0.284375 0.435937 0.28125 0.439063 0.278125 0.439063 0.276563 0.442187 0.273438 0.442187 0.270312 0.445312 0.267188 0.446875 0.267188 0.448438 0.265625 0.448438 0.264062 0.45 0.2625 0.45 0.260938 0.453125 0.257812 0.453125 0.25625 0.454688 0.254687 0.454688 0.251563 0.453125 0.25
0 0.539062 0.3125 0.5375 0.314063 0.5375 0.315625 0.534375 0.31875 0.532812 0.31875 0.53125 0.320312 0.53125 0.323438 0.528125 0.326562 0.528125 0.328125 0.525 0.33125 0.525 0.340625 0.526563 0.342187 0.528125 0.342187 0.529688 0.340625 0.529688 0.339063 0.53125 0.3375 0.53125 0.335938 0.534375 0.332812 0.534375 0.33125 0.535937 0.329688 0.535937 0.326562 0.542188 0.320312 0.542188 0.314063 0.540625 0.3125
0 0.520312 0.225 0.5125 0.232812 0.5125 0.239063 0.510938 0.240625 0.510938 0.242188 0.509375 0.24375 0.507812 0.24375 0.507812 0.245312 0.50625 0.246875 0.50625 0.257812 0.507812 0.259375 0.509375 0.259375 0.510938 0.257812 0.510938 0.251563 0.517187 0.245312 0.517187 0.239063 0.521875 0.234375 0.521875 0.232812 0.523438 0.23125 0.523438 0.226562 0.521875 0.225
0 0.789062 0.195312 0.785937 0.198437 0.784375 0.198437 0.78125 0.201562 0.78125 0.203125 0.778125 0.20625 0.776563 0.20625 0.775 0.207813 0.775 0.210938 0.773438 0.2125 0.773438 0.214062 0.770312 0.217187 0.770312 0.21875 0.76875 0.220313 0.76875 0.228125 0.770312 0.229687 0.771875 0.229687 0.773438 0.228125 0.773438 0.226562 0.775 0.225 0.775 0.223438 0.778125 0.220313 0.778125 0.21875 0.779688 0.217187 0.779688 0.214062 0.785937 0.207813 0.785937 0.20625 0.790625 0.201562 0.790625 0.2 0.792188 0.198437 0.792188 0.195312
0 0.173438 0.125 0.171875 0.126563 0.170312 0.126563 0.170312 0.128125 0.16875 0.129688 0.16875 0.132812 0.1625 0.139062 0.1625 0.140625 0.15625 0.146875 0.15625 0.157813 0.157813 0.159375 0.159375 0.159375 0.165625 0.153125 0.165625 0.151562 0.167187 0.15 0.167187 0.145313 0.170312 0.142188 0.171875 0.142188 0.173438 0.140625 0.173438 0.139062 0.179688 0.132812 0.179688 0.126563 0.178125 0.125
0 0.345313 0.04375 0.34375 0.0453125 0.342187 0.0453125 0.339063 0.0484375 0.339063 0.05 0.3375 0.0515625 0.3375 0.053125 0.33125 0.059375 0.33125 0.0671875 0.332812 0.06875 0.334375 0.06875 0.335938 0.0671875 0.335938 0.0640625 0.339063 0.0609375 0.340625 0.0609375 0.342187 0.059375 0.342187 0.0578125 0.34375 0.05625 0.34375 0.0546875 0.345313 0.053125 0.346875 0.053125 0.346875 0.0515625 0.348437 0.05 0.348437 0.0453125 0.346875 0.04375
0 0.0765625 0.514063 0.075 0.515625 0.075 0.520312 0.06875 0.526563 0.06875 0.528125 0.065625 0.53125 0.0640625 0.53125 0.0625 0.532812 0.0625 0.548437 0.0640625 0.55 0.0640625 0.551562 0.065625 0.551562 0.065625 0.55 0.0671875 0.548437 0.0671875 0.542188 0.06875 0.540625 0.06875 0.539062 0.0734375 0.534375 0.0734375 0.525 0.075 0.523438 0.0765625 0.523438 0.0796875 0.520312 0.0796875 0.515625 0.078125 0.514063
0 0.0875 0.120312 0.0875 0.123438 0.0828125 0.128125 0.0828125 0.129688 0.08125 0.13125 0.08125 0.132812 0.075 0.139062 0.075 0.140625 0.06875 0.146875 0.06875 0.153125 0.0703125 0.154687 0.075 0.154687 0.0765625 0.153125 0.078125 0.153125 0.078125 0.151562 0.0796875 0.15 0.0796875 0.145313 0.084375 0.140625 0.084375 0.139062 0.0859375 0.1375 0.0859375 0.129688 0.0875 0.128125 0.0890625 0.128125 0.090625 0.126563 0.090625 0.120312
0 0.58125 0.43125 0.579687 0.432813 0.576563 0.432813 0.576563 0.434375 0.575 0.435937 0.575 0.440625 0.571875 0.44375 0.570312 0.44375 0.56875 0.445312 0.56875 0.451562 0.5625 0.457812 0.5625 0.465625 0.564062 0.467187 0.565625 0.467187 0.567187 0.465625 0.567187 0.464063 0.573438 0.457812 0.573438 0.453125 0.579687 0.446875 0.579687 0.445312 0.585938 0.439063 0.585938 0.432813 0.584375 0.43125
0 0.664062 0.1875 0.6625 0.189063 0.6625 0.190625 0.659375 0.19375 0.657812 0.19375 0.65625 0.195312 0.65625 0.196875 0.65 0.203125 0.65 0.204688 0.648438 0.20625 0.648438 0.207813 0.646875 0.209375 0.646875 0.210938 0.645312 0.2125 0.645312 0.215625 0.646875 0.215625 0.646875 0.214062 0.65 0.210938 0.651563 0.210938 0.654688 0.207813 0.654688 0.20625 0.65625 0.204688 0.65625 0.203125 0.660937 0.198437 0.660937 0.196875 0.667188 0.190625 0.667188 0.189063 0.665625 0.1875
0 0.653125 0.6625 0.65 0.665625 0.65 0.671875 0.64375 0.678125 0.64375 0.690625 0.645312 0.692187 0.646875 0.692187 0.648438 0.690625 0.648438 0.689062 0.651563 0.685938 0.653125 0.685938 0.654688 0.684375 0.654688 0.676562 0.659375 0.671875 0.659375 0.670313 0.660937 0.66875 0.660937 0.664062 0.659375 0.6625
0 0.220313 0.195312 0.21875 0.196875 0.21875 0.198437 0.217187 0.2 0.217187 0.201562 0.214062 0.204688 0.214062 0.20625 0.2125 0.207813 0.2125 0.209375 0.20625 0.215625 0.20625 0.228125 0.207813 0.229687 0.210938 0.229687 0.215625 0.225 0.215625 0.223438 0.217187 0.221875 0.217187 0.210938 0.21875 0.209375 0.21875 0.207813 0.223438 0.203125 0.223438 0.196875 0.221875 0.195312
0 0.495313 0.09375 0.4875 0.101562 0.4875 0.103125 0.48125 0.109375 0.48125 0.121875 0.482812 0.123438 0.484375 0.123438 0.485938 0.121875 0.485938 0.120312 0.4875 0.11875 0.4875 0.117188 0.490625 0.114063 0.490625 0.1125 0.492188 0.110937 0.492188 0.107813 0.495313 0.104687 0.496875 0.104687 0.498437 0.103125 0.498437 0.0984375 0.5 0.096875 0.496875 0.09375
0 0.282813 0.226562 0.282813 0.229687 0.28125 0.23125 0.276563 0.23125 0.275 0.232812 0.275 0.234375 0.271875 0.2375 0.270312 0.2375 0.26875 0.239063 0.26875 0.246875 0.270312 0.248437 0.270312 0.25 0.271875 0.25 0.271875 0.248437 0.273438 0.246875 0.273438 0.245312 0.278125 0.240625 0.278125 0.239063 0.279687 0.2375 0.279687 0.235938 0.28125 0.234375 0.28125 0.23125 0.284375 0.228125 0.284375 0.226562
0 0.407813 0.49375 0.40625 0.495313 0.404687 0.495313 0.401563 0.498437 0.401563 0.5 0.4 0.501562 0.4 0.521875 0.401563 0.523438 0.403125 0.523438 0.404687 0.521875 0.404687 0.514063 0.410937 0.507812 0.410937 0.495313 0.409375 0.49375
0 0.432813 0.18125 0.43125 0.182812 0.43125 0.1875 0.429688 0.189063 0.429688 0.190625 0.425 0.195312 0.425 0.201562 0.41875 0.207813 0.41875 0.220313 0.420312 0.221875 0.421875 0.221875 0.423438 0.220313 0.423438 0.217187 0.428125 0.2125 0.428125 0.210938 0.429688 0.209375 0.429688 0.204688 0.43125 0.203125 0.43125 0.201562 0.435937 0.196875 0.435937 0.190625 0.4375 0.189063 0.4375 0.1875 0.439063 0.185937 0.440625 0.185937 0.442187 0.184375 0.439063 0.18125
0 0.498437 0.9125 0.496875 0.914062 0.495313 0.914062 0.495313 0.915625 0.49375 0.917188 0.49375 0.920313 0.4875 0.926562 0.4875 0.932813 0.48125 0.939062 0.48125 0.95 0.482812 0.951563 0.482812 0.953125 0.484375 0.953125 0.484375 0.951563 0.485938 0.95 0.485938 0.946875 0.492188 0.940625 0.492188 0.934375 0.498437 0.928125 0.498437 0.925 0.5 0.923437 0.5 0.921875 0.503125 0.91875 0.503125 0.917188 0.504687 0.915625 0.504687 0.914062 0.503125 0.9125
0 0.0203125 0.53125 0.01875 0.532812 0.01875 0.5375 0.0171875 0.539062 0.0171875 0.540625 0.0125 0.545313 0.0125 0.551562 0.00625 0.557813 0.00625 0.565625 0.0078125 0.567187 0.0078125 0.56875 0.009375 0.56875 0.0109375 0.567187 0.0125 0.567187 0.0140625 0.565625 0.015625 0.565625 0.015625 0.564062 0.0171875 0.5625 0.0171875 0.55625 0.01875 0.554688 0.01875 0.553125 0.021875 0.55 0.021875 0.548437 0.0234375 0.546875 0.0234375 0.540625 0.025 0.539062 0.025 0.5375 0.0265625 0.535937 0.028125 0.535937 0.0296875 0.534375 0.0296875 0.532812 0.028125 0.53125
0 0.482812 0.3 0.48125 0.301562 0.48125 0.303125 0.475 0.309375 0.475 0.315625 0.471875 0.31875 0.470313 0.31875 0.46875 0.320312 0.46875 0.334375 0.470313 0.335938 0.471875 0.335938 0.473437 0.334375 0.473437 0.332812 0.476562 0.329688 0.478125 0.329688 0.478125 0.328125 0.479688 0.326562 0.479688 0.320312 0.485938 0.314063 0.485938 0.307813 0.490625 0.303125 0.490625 0.301562 0.489062 0.3
0 0.332812 0.370313 0.332812 0.373437 0.33125 0.375 0.33125 0.378125 0.328125 0.38125 0.326562 0.38125 0.325 0.382812 0.325 0.396875 0.326562 0.398438 0.328125 0.398438 0.329688 0.396875 0.329688 0.3875 0.332812 0.384375 0.332812 0.382812 0.334375 0.38125 0.334375 0.379687 0.335938 0.378125 0.335938 0.375 0.334375 0.373437 0.334375 0.370313
0 0.307813 0.1625 0.30625 0.164062 0.30625 0.165625 0.303125 0.16875 0.301562 0.16875 0.3 0.170312 0.3 0.171875 0.29375 0.178125 0.29375 0.184375 0.296875 0.1875 0.296875 0.185937 0.304688 0.178125 0.304688 0.175 0.30625 0.173438 0.30625 0.171875 0.309375 0.16875 0.309375 0.167187 0.310937 0.165625 0.310937 0.164062 0.309375 0.1625
0 0.545313 0.69375 0.54375 0.695312 0.54375 0.696875 0.5375 0.703125 0.5375 0.715625 0.539062 0.717188 0.540625 0.717188 0.542188 0.715625 0.542188 0.710938 0.54375 0.709375 0.54375 0.707812 0.548437 0.703125 0.548437 0.698438 0.55 0.696875 0.55 0.695312 0.548437 0.695312 0.546875 0.69375
0 0.295312 0.684375 0.295312 0.6875 0.29375 0.689062 0.29375 0.695312 0.2875 0.701563 0.2875 0.714063 0.289062 0.715625 0.290625 0.715625 0.292188 0.714063 0.292188 0.707812 0.296875 0.703125 0.296875 0.7 0.298438 0.698438 0.298438 0.685938 0.296875 0.684375
0 0.364062 0.19375 0.3625 0.195312 0.3625 0.196875 0.35625 0.203125 0.35625 0.204688 0.353125 0.207813 0.351562 0.207813 0.351562 0.209375 0.35 0.210938 0.35 0.214062 0.34375 0.220313 0.34375 0.228125 0.345313 0.229687 0.346875 0.229687 0.348437 0.228125 0.348437 0.226562 0.351562 0.223438 0.353125 0.223438 0.354688 0.221875 0.354688 0.220313 0.360938 0.214062 0.360938 0.210938 0.3625 0.209375 0.3625 0.207813 0.367188 0.203125 0.367188 0.201562 0.371875 0.196875 0.371875 0.195312 0.370313 0.19375
0 0.601562 0.525 0.6 0.526563 0.6 0.528125 0.596875 0.53125 0.595312 0.53125 0.59375 0.532812 0.59375 0.539062 0.5875 0.545313 0.5875 0.55625 0.589063 0.557813 0.589063 0.559375 0.590625 0.559375 0.592188 0.557813 0.592188 0.554688 0.59375 0.553125 0.59375 0.551562 0.598437 0.546875 0.598437 0.542188 0.6 0.540625 0.6 0.539062 0.604688 0.534375 0.604688 0.53125 0.60625 0.529688 0.60625 0.526563 0.604688 0.526563 0.603125 0.525
0 0.951563 0.45625 0.946875 0.460938 0.946875 0.4625 0.94375 0.465625 0.94375 0.471875 0.9375 0.478125 0.9375 0.484375 0.934375 0.4875 0.932813 0.4875 0.93125 0.489062 0.93125 0.503125 0.932813 0.504687 0.934375 0.504687 0.935938 0.503125 0.9375 0.503125 0.940625 0.5 0.940625 0.498437 0.942187 0.496875 0.942187 0.492188 0.94375 0.490625 0.94375 0.489062 0.948438 0.484375 0.948438 0.478125 0.954687 0.471875 0.954687 0.465625 0.95625 0.464063 0.95625 0.4625 0.957812 0.460938 0.959375 0.460938 0.959375 0.457812 0.957812 0.45625
0 0.209375 0.01875 0.20625 0.021875 0.20625 0.0265625 0.2 0.0328125 0.2 0.034375 0.196875 0.0375 0.195312 0.0375 0.19375 0.0390625 0.19375 0.040625 0.190625 0.04375 0.189063 0.04375 0.1875 0.0453125 0.1875 0.053125 0.189063 0.0546875 0.195312 0.0546875 0.198437 0.0515625 0.198437 0.05 0.2 0.0484375 0.2 0.046875 0.204688 0.0421875 0.204688 0.040625 0.210938 0.034375 0.210938 0.0328125 0.214062 0.0296875 0.215625 0.0296875 0.217187 0.028125 0.217187 0.025 0.21875 0.0234375 0.21875 0.0203125 0.217187 0.0203125 0.215625 0.01875
0 0.514063 0.35 0.5125 0.351562 0.5125 0.357812 0.50625 0.364062 0.50625 0.36875 0.504687 0.370313 0.504687 0.371875 0.503125 0.373437 0.501562 0.373437 0.501562 0.375 0.5 0.376563 0.5 0.384375 0.501562 0.385938 0.503125 0.385938 0.510938 0.378125 0.510938 0.375 0.5125 0.373437 0.5125 0.371875 0.515625 0.36875 0.515625 0.367188 0.517187 0.365625 0.517187 0.364062 0.521875 0.359375 0.521875 0.357812 0.523438 0.35625 0.523438 0.351562 0.521875 0.35
0 0.401563 0.73125 0.4 0.732813 0.4 0.735937 0.398438 0.7375 0.398438 0.739062 0.395312 0.742188 0.395312 0.74375 0.39375 0.745313 0.39375 0.759375 0.395312 0.760938 0.396875 0.760938 0.398438 0.759375 0.398438 0.754687 0.4 0.753125 0.4 0.751562 0.404687 0.746875 0.404687 0.739062 0.407813 0.735937 0.409375 0.735937 0.410937 0.734375 0.410937 0.732813 0.409375 0.73125
0 0.703125 0.129688 0.7 0.132812 0.7 0.140625 0.701563 0.142188 0.703125 0.142188 0.704687 0.140625 0.704687 0.1375 0.70625 0.135937 0.70625 0.13125 0.704687 0.13125
0 0.845312 0.39375 0.84375 0.395312 0.84375 0.404687 0.842188 0.40625 0.842188 0.407813 0.839063 0.410937 0.839063 0.4125 0.8375 0.414062 0.8375 0.428125 0.839063 0.429688 0.840625 0.429688 0.842188 0.428125 0.842188 0.420312 0.84375 0.41875 0.84375 0.417188 0.846875 0.414062 0.846875 0.410937 0.848437 0.409375 0.848437 0.401563 0.85 0.4 0.85 0.398438 0.851562 0.396875 0.851562 0.395312 0.85 0.395312 0.848437 0.39375
0 0.342187 0.75625 0.340625 0.757812 0.339063 0.757812 0.339063 0.759375 0.3375 0.760938 0.3375 0.765625 0.335938 0.767187 0.335938 0.76875 0.332812 0.771875 0.332812 0.773438 0.33125 0.775 0.33125 0.789062 0.332812 0.790625 0.334375 0.790625 0.335938 0.789062 0.335938 0.782812 0.339063 0.779688 0.340625 0.779688 0.340625 0.778125 0.342187 0.776563 0.342187 0.770312 0.348437 0.764063 0.348437 0.757812 0.346875 0.75625
0 0.0703125 0.33125 0.06875 0.332812 0.06875 0.334375 0.065625 0.3375 0.0640625 0.3375 0.0625 0.339063 0.0625 0.340625 0.05625 0.346875 0.05625 0.357812 0.0578125 0.359375 0.059375 0.359375 0.0609375 0.357812 0.0609375 0.35625 0.065625 0.351562 0.065625 0.35 0.0671875 0.348437 0.0671875 0.346875 0.0734375 0.340625 0.0734375 0.339063 0.0765625 0.335938 0.078125 0.335938 0.0796875 0.334375 0.0796875 0.332812 0.078125 0.33125
0 0.282813 0.4125 0.275 0.420312 0.275 0.428125 0.270312 0.432813 0.270312 0.434375 0.26875 0.435937 0.26875 0.45 0.270312 0.451562 0.270312 0.453125 0.271875 0.453125 0.271875 0.451562 0.273438 0.45 0.273438 0.445312 0.279687 0.439063 0.279687 0.432813 0.28125 0.43125 0.28125 0.429688 0.282813 0.428125 0.284375 0.428125 0.284375 0.425 0.285937 0.423438 0.285937 0.420312 0.2875 0.41875 0.2875 0.417188 0.289062 0.415625 0.289062 0.414062 0.2875 0.414062 0.285937 0.4125
0 0.195312 0.504687 0.190625 0.509375 0.189063 0.509375 0.189063 0.510938 0.1875 0.5125 0.1875 0.515625 0.184375 0.51875 0.182812 0.51875 0.18125 0.520312 0.18125 0.532812 0.182812 0.534375 0.184375 0.534375 0.185937 0.532812 0.185937 0.53125 0.190625 0.526563 0.190625 0.525 0.192188 0.523438 0.192188 0.514063 0.198437 0.507812 0.196875 0.50625 0.196875 0.504687
0 0.871875 0.2 0.86875 0.203125 0.86875 0.209375 0.867188 0.210938 0.865625 0.210938 0.864062 0.2125 0.864062 0.214062 0.8625 0.215625 0.8625 0.220313 0.85625 0.226562 0.85625 0.23125 0.854688 0.232812 0.854688 0.234375 0.853125 0.235938 0.851562 0.235938 0.851562 0.2375 0.85 0.239063 0.85 0.246875 0.851562 0.248437 0.853125 0.248437 0.854688 0.246875 0.854688 0.24375 0.85625 0.242188 0.85625 0.239063 0.860937 0.234375 0.860937 0.23125 0.865625 0.226562 0.865625 0.223438 0.867188 0.221875 0.867188 0.220313 0.86875 0.21875 0.86875 0.217187 0.871875 0.214062 0.871875 0.210938 0.873438 0.209375 0.873438 0.207813 0.875 0.20625 0.875 0.204688 0.876562 0.203125 0.876562 0.201562 0.873438 0.201562
0 0.739062 0.28125 0.7375 0.282813 0.7375 0.284375 0.726562 0.295312 0.726562 0.296875 0.725 0.298438 0.725 0.304688 0.726562 0.30625 0.726562 0.307813 0.728125 0.307813 0.73125 0.304688 0.732813 0.304688 0.735937 0.301562 0.735937 0.3 0.7375 0.298438 0.7375 0.296875 0.742188 0.292188 0.742188 0.290625 0.748438 0.284375 0.748438 0.282813 0.746875 0.28125
0 0.945312 0.08125 0.94375 0.0828125 0.94375 0.090625 0.940625 0.09375 0.939062 0.09375 0.9375 0.0953125 0.9375 0.103125 0.939062 0.104687 0.940625 0.104687 0.942187 0.103125 0.942187 0.101562 0.946875 0.096875 0.946875 0.0953125 0.948438 0.09375 0.948438 0.0890625 0.951563 0.0859375 0.953125 0.0859375 0.954687 0.084375 0.954687 0.0828125 0.953125 0.08125
0 0.617188 0.68125 0.615625 0.682813 0.614062 0.682813 0.614062 0.684375 0.6125 0.685938 0.6125 0.690625 0.609375 0.69375 0.607813 0.69375 0.60625 0.695312 0.60625 0.709375 0.607813 0.710938 0.609375 0.710938 0.610937 0.709375 0.610937 0.70625 0.615625 0.701563 0.615625 0.7 0.617188 0.698438 0.617188 0.695312 0.623438 0.689062 0.623438 0.682813 0.621875 0.68125
0 0.2 0.375 0.198437 0.376563 0.196875 0.376563 0.195312 0.378125 0.195312 0.379687 0.19375 0.38125 0.19375 0.384375 0.189063 0.389062 0.189063 0.390625 0.1875 0.392188 0.1875 0.395312 0.18125 0.401563 0.18125 0.407813 0.184375 0.410937 0.185937 0.409375 0.1875 0.409375 0.190625 0.40625 0.190625 0.404687 0.192188 0.403125 0.192188 0.401563 0.198437 0.395312 0.198437 0.390625 0.204688 0.384375 0.204688 0.379687 0.20625 0.378125 0.203125 0.375
0 0.659375 0.30625 0.657812 0.307813 0.65625 0.307813 0.65625 0.309375 0.653125 0.3125 0.651563 0.3125 0.651563 0.314063 0.65 0.315625 0.65 0.317187 0.648438 0.31875 0.648438 0.320312 0.645312 0.323438 0.645312 0.325 0.64375 0.326562 0.64375 0.328125 0.640625 0.33125 0.639063 0.33125 0.6375 0.332812 0.6375 0.342187 0.639063 0.34375 0.639063 0.346875 0.640625 0.346875 0.640625 0.345313 0.642187 0.34375 0.642187 0.339063 0.645312 0.335938 0.646875 0.335938 0.648438 0.334375 0.648438 0.332812 0.654688 0.326562 0.654688 0.321875 0.659375 0.317187 0.659375 0.315625 0.660937 0.314063 0.660937 0.3125 0.664062 0.309375 0.665625 0.309375 0.665625 0.307813 0.6625 0.307813 0.660937 0.30625
0 0.107813 0.025 0.0953125 0.0375 0.09375 0.0375 0.0921875 0.0390625 0.090625 0.0390625 0.0890625 0.040625 0.0890625 0.0421875 0.0875 0.04375 0.0875 0.046875 0.0890625 0.0484375 0.0890625 0.05 0.0921875 0.05 0.09375 0.0484375 0.096875 0.0484375 0.0984375 0.046875 0.0984375 0.0453125 0.101562 0.0421875 0.103125 0.0421875 0.104687 0.040625 0.104687 0.0390625 0.107813 0.0359375 0.109375 0.0359375 0.110937 0.034375 0.110937 0.0328125 0.114063 0.0296875 0.115625 0.0296875 0.117188 0.028125 0.117188 0.0265625 0.115625 0.025
0 0.682813 0.0375 0.68125 0.0390625 0.68125 0.040625 0.678125 0.04375 0.676562 0.04375 0.675 0.0453125 0.675 0.0515625 0.66875 0.0578125 0.66875 0.0703125 0.670313 0.071875 0.670313 0.0734375 0.671875 0.0734375 0.671875 0.071875 0.673437 0.0703125 0.673437 0.0640625 0.676562 0.0609375 0.678125 0.0609375 0.679688 0.059375 0.679688 0.05625 0.68125 0.0546875 0.68125 0.053125 0.684375 0.05 0.684375 0.0484375 0.685938 0.046875 0.685938 0.0453125 0.690625 0.040625 0.690625 0.0390625 0.689062 0.0390625 0.6875 0.0375
0 0.564062 0.770312 0.564062 0.771875 0.560938 0.775 0.557813 0.775 0.55625 0.776563 0.55625 0.778125 0.553125 0.78125 0.551562 0.78125 0.55 0.782812 0.55 0.790625 0.551562 0.792188 0.551562 0.79375 0.553125 0.79375 0.553125 0.792188 0.554688 0.790625 0.554688 0.789062 0.559375 0.784375 0.559375 0.782812 0.560938 0.78125 0.560938 0.779688 0.564062 0.776563 0.564062 0.775 0.567187 0.771875 0.565625 0.770312
0 0.301562 0.0625 0.3 0.0640625 0.3 0.065625 0.296875 0.06875 0.295312 0.06875 0.29375 0.0703125 0.29375 0.071875 0.290625 0.075 0.289062 0.075 0.2875 0.0765625 0.2875 0.078125 0.284375 0.08125 0.282813 0.08125 0.28125 0.0828125 0.28125 0.0953125 0.282813 0.096875 0.284375 0.096875 0.285937 0.0953125 0.285937 0.09375 0.290625 0.0890625 0.290625 0.0875 0.292188 0.0859375 0.292188 0.084375 0.30625 0.0703125 0.30625 0.06875 0.307813 0.0671875 0.309375 0.0671875 0.309375 0.0640625 0.307813 0.0625
0 0.370313 0.66875 0.36875 0.670313 0.36875 0.673437 0.367188 0.675 0.367188 0.676562 0.364062 0.679688 0.364062 0.68125 0.3625 0.682813 0.3625 0.703125 0.364062 0.704687 0.365625 0.704687 0.367188 0.703125 0.367188 0.696875 0.36875 0.695312 0.36875 0.69375 0.371875 0.690625 0.371875 0.689062 0.373437 0.6875 0.373437 0.673437 0.375 0.671875 0.371875 0.66875
0 0.376563 0.425 0.36875 0.432813 0.36875 0.435937 0.367188 0.4375 0.367188 0.439063 0.364062 0.442187 0.364062 0.44375 0.3625 0.445312 0.3625 0.448438 0.360938 0.45 0.360938 0.451562 0.35625 0.45625 0.35625 0.465625 0.357812 0.467187 0.359375 0.467187 0.367188 0.459375 0.367188 0.457812 0.371875 0.453125 0.371875 0.451562 0.373437 0.45 0.373437 0.445312 0.376563 0.442187 0.378125 0.442187 0.379687 0.440625 0.379687 0.434375 0.38125 0.432813 0.38125 0.43125 0.384375 0.428125 0.384375 0.426562 0.382812 0.425
0 0.270312 0.725 0.2625 0.732813 0.2625 0.740625 0.264062 0.742188 0.264062 0.74375 0.265625 0.74375 0.265625 0.742188 0.267188 0.740625 0.267188 0.739062 0.270312 0.735937 0.271875 0.735937 0.271875 0.734375 0.273438 0.732813 0.273438 0.729688 0.275 0.728125 0.271875 0.725
0 0.735937 0.16875 0.734375 0.170312 0.732813 0.170312 0.732813 0.171875 0.73125 0.173438 0.73125 0.176563 0.725 0.182812 0.725 0.184375 0.721875 0.1875 0.720312 0.1875 0.71875 0.189063 0.71875 0.2 0.720312 0.201562 0.720312 0.203125 0.721875 0.203125 0.723437 0.201562 0.723437 0.2 0.725 0.198437 0.726562 0.198437 0.728125 0.196875 0.728125 0.195312 0.729688 0.19375 0.729688 0.190625 0.735937 0.184375 0.735937 0.182812 0.742188 0.176563 0.742188 0.173438 0.74375 0.171875 0.740625 0.16875
0 0.732813 0.23125 0.726562 0.2375 0.725 0.2375 0.720312 0.242188 0.720312 0.24375 0.71875 0.245312 0.71875 0.248437 0.720312 0.25 0.720312 0.251563 0.721875 0.251563 0.725 0.248437 0.726562 0.248437 0.728125 0.246875 0.728125 0.245312 0.734375 0.239063 0.734375 0.2375 0.735937 0.235938 0.735937 0.234375 0.7375 0.232812 0.735937 0.23125
0 0.70625 0.795313 0.70625 0.796875 0.703125 0.8 0.701563 0.8 0.701563 0.801562 0.7 0.803125 0.7 0.804688 0.698438 0.80625 0.698438 0.807813 0.695312 0.810938 0.695312 0.8125 0.69375 0.814062 0.69375 0.823438 0.695312 0.825 0.695312 0.826563 0.696875 0.826563 0.698438 0.825 0.698438 0.821875 0.704687 0.815625 0.704687 0.803125 0.709375 0.798437 0.709375 0.795313
0 0.820312 0.264062 0.820312 0.265625 0.817187 0.26875 0.814062 0.26875 0.8125 0.270312 0.8125 0.271875 0.809375 0.275 0.807813 0.275 0.80625 0.276563 0.80625 0.278125 0.803125 0.28125 0.801562 0.28125 0.8 0.282813 0.8 0.290625 0.801562 0.292188 0.803125 0.292188 0.804688 0.290625 0.804688 0.289062 0.807813 0.285937 0.809375 0.285937 0.810938 0.284375 0.810938 0.282813 0.817187 0.276563 0.817187 0.275 0.81875 0.273438 0.81875 0.270312 0.823438 0.265625 0.823438 0.264062
0 0.7625 0.339063 0.759375 0.342187 0.759375 0.34375 0.757812 0.345313 0.757812 0.348437 0.754687 0.351562 0.753125 0.351562 0.751562 0.353125 0.751562 0.35625 0.75 0.357812 0.75 0.359375 0.746875 0.3625 0.745313 0.3625 0.74375 0.364062 0.74375 0.371875 0.745313 0.373437 0.745313 0.375 0.748438 0.375 0.75 0.373437 0.751562 0.373437 0.754687 0.370313 0.754687 0.364062 0.759375 0.359375 0.759375 0.353125 0.764063 0.348437 0.765625 0.348437 0.765625 0.346875 0.767187 0.345313 0.767187 0.340625 0.765625 0.339063
0 0.864062 0.06875 0.8625 0.0703125 0.8625 0.0734375 0.860937 0.075 0.860937 0.0765625 0.857813 0.0796875 0.857813 0.08125 0.85625 0.0828125 0.85625 0.0875 0.854688 0.0890625 0.854688 0.090625 0.85 0.0953125 0.85 0.104687 0.851562 0.10625 0.851562 0.107813 0.853125 0.107813 0.854688 0.10625 0.854688 0.103125 0.860937 0.096875 0.860937 0.090625 0.867188 0.084375 0.867188 0.075 0.86875 0.0734375 0.86875 0.0703125 0.867188 0.0703125 0.865625 0.06875
0 0.540625 0.05625 0.5375 0.059375 0.5375 0.0625 0.535937 0.0640625 0.535937 0.065625 0.53125 0.0703125 0.53125 0.0734375 0.523438 0.08125 0.521875 0.08125 0.520312 0.0828125 0.520312 0.084375 0.51875 0.0859375 0.51875 0.090625 0.520312 0.0921875 0.521875 0.0921875 0.523438 0.090625 0.523438 0.0875 0.528125 0.0828125 0.528125 0.08125 0.532812 0.0765625 0.534375 0.0765625 0.534375 0.075 0.5375 0.071875 0.539062 0.071875 0.540625 0.0703125 0.540625 0.06875 0.54375 0.065625 0.54375 0.0640625 0.548437 0.059375 0.548437 0.0578125 0.546875 0.05625
0 0.789062 0.79375 0.7875 0.795313 0.7875 0.796875 0.78125 0.803125 0.78125 0.810938 0.779688 0.8125 0.779688 0.814062 0.776563 0.817187 0.776563 0.81875 0.775 0.820312 0.775 0.834375 0.776563 0.835938 0.778125 0.835938 0.779688 0.834375 0.779688 0.829687 0.78125 0.828125 0.78125 0.826563 0.785937 0.821875 0.785937 0.814062 0.792188 0.807813 0.792188 0.8 0.795313 0.796875 0.792188 0.79375
0 0.25 0.3375 0.248437 0.339063 0.245312 0.339063 0.245312 0.342187 0.24375 0.34375 0.24375 0.348437 0.242188 0.35 0.242188 0.351562 0.239063 0.354688 0.239063 0.35625 0.2375 0.357812 0.2375 0.3625 0.235938 0.364062 0.235938 0.365625 0.23125 0.370313 0.23125 0.378125 0.232812 0.379687 0.234375 0.379687 0.235938 0.378125 0.2375 0.378125 0.240625 0.375 0.240625 0.373437 0.242188 0.371875 0.242188 0.36875 0.24375 0.367188 0.24375 0.364062 0.245312 0.3625 0.246875 0.3625 0.246875 0.360938 0.248437 0.359375 0.248437 0.353125 0.254687 0.346875 0.254687 0.339063 0.253125 0.3375
0 0.028125 0.464063 0.028125 0.465625 0.0265625 0.467187 0.0265625 0.470313 0.021875 0.475 0.0203125 0.475 0.01875 0.476562 0.01875 0.479688 0.0140625 0.484375 0.0140625 0.485938 0.0125 0.4875 0.0125 0.495313 0.0140625 0.496875 0.0171875 0.496875 0.0171875 0.495313 0.01875 0.49375 0.01875 0.492188 0.0203125 0.490625 0.021875 0.490625 0.021875 0.4875 0.0234375 0.485938 0.0234375 0.482812 0.0296875 0.476562 0.0296875 0.475 0.034375 0.470313 0.034375 0.467187 0.0359375 0.465625 0.034375 0.464063
0 0.914062 0.1375 0.898438 0.153125 0.898438 0.154687 0.895312 0.157813 0.895312 0.164062 0.896875 0.164062 0.9 0.160938 0.901563 0.160938 0.904688 0.157813 0.904688 0.15625 0.907812 0.153125 0.909375 0.153125 0.909375 0.151562 0.9125 0.148438 0.914062 0.148438 0.921875 0.140625 0.921875 0.139062 0.920313 0.1375
0 0.0890625 0.20625 0.0828125 0.2125 0.08125 0.2125 0.08125 0.214062 0.075 0.220313 0.075 0.228125 0.078125 0.23125 0.078125 0.229687 0.0859375 0.221875 0.0859375 0.220313 0.0890625 0.217187 0.090625 0.217187 0.0921875 0.215625 0.0921875 0.214062 0.096875 0.209375 0.096875 0.207813 0.0953125 0.20625
0 0.676562 0.1125 0.675 0.114063 0.675 0.117188 0.673437 0.11875 0.673437 0.120312 0.670313 0.123438 0.670313 0.125 0.66875 0.126563 0.66875 0.135937 0.670313 0.1375 0.670313 0.140625 0.671875 0.140625 0.671875 0.139062 0.673437 0.1375 0.673437 0.135937 0.675 0.134375 0.675 0.132812 0.679688 0.128125 0.679688 0.120312 0.682813 0.117188 0.684375 0.117188 0.685938 0.115625 0.682813 0.1125
0 0.865625 0.83125 0.8625 0.834375 0.8625 0.840625 0.860937 0.842188 0.860937 0.84375 0.857813 0.846875 0.857813 0.848437 0.85625 0.85 0.85625 0.867188 0.857813 0.86875 0.857813 0.870313 0.859375 0.870313 0.859375 0.86875 0.860937 0.867188 0.860937 0.8625 0.8625 0.860937 0.8625 0.859375 0.865625 0.85625 0.865625 0.854688 0.867188 0.853125 0.867188 0.845312 0.871875 0.840625 0.871875 0.839063 0.873438 0.8375 0.873438 0.832812 0.871875 0.83125
0 0.5 0.50625 0.498437 0.507812 0.496875 0.507812 0.495313 0.509375 0.495313 0.510938 0.49375 0.5125 0.49375 0.517187 0.490625 0.520312 0.490625 0.521875 0.4875 0.525 0.4875 0.534375 0.489062 0.535937 0.490625 0.535937 0.492188 0.534375 0.492188 0.532812 0.495313 0.529688 0.496875 0.529688 0.498437 0.528125 0.498437 0.520312 0.501562 0.517187 0.503125 0.517187 0.504687 0.515625 0.504687 0.507812 0.503125 0.50625
0 0.1375 0.61875 0.135937 0.620313 0.134375 0.620313 0.132812 0.621875 0.132812 0.629687 0.13125 0.63125 0.13125 0.6375 0.129688 0.639063 0.129688 0.642187 0.126563 0.645312 0.126563 0.648438 0.125 0.65 0.125 0.6625 0.128125 0.6625 0.128125 0.660937 0.129688 0.659375 0.129688 0.65625 0.13125 0.654688 0.13125 0.653125 0.134375 0.65 0.134375 0.648438 0.135937 0.646875 0.135937 0.640625 0.142188 0.634375 0.142188 0.626562 0.14375 0.625 0.14375 0.623438 0.145313 0.621875 0.145313 0.620313 0.142188 0.620313 0.140625 0.61875
0 0.870313 0.5 0.86875 0.501562 0.86875 0.503125 0.867188 0.504687 0.867188 0.507812 0.8625 0.5125 0.8625 0.515625 0.860937 0.517187 0.860937 0.523438 0.859375 0.525 0.859375 0.528125 0.860937 0.528125 0.8625 0.526563 0.865625 0.526563 0.865625 0.523438 0.867188 0.521875 0.867188 0.5125 0.86875 0.510938 0.870313 0.510938 0.873438 0.507812 0.873438 0.501562 0.871875 0.5
0 0.276563 0.0078125 0.275 0.009375 0.275 0.0125 0.270312 0.0171875 0.270312 0.01875 0.26875 0.0203125 0.26875 0.021875 0.25625 0.034375 0.25625 0.0421875 0.257812 0.04375 0.257812 0.046875 0.259375 0.046875 0.267188 0.0390625 0.267188 0.0375 0.270312 0.034375 0.271875 0.034375 0.271875 0.0328125 0.273438 0.03125 0.273438 0.028125 0.275 0.0265625 0.275 0.025 0.276563 0.0234375 0.276563 0.0203125 0.278125 0.01875 0.278125 0.0140625 0.279687 0.0125 0.279687 0.0109375 0.28125 0.009375 0.279687 0.0078125
0 0.028125 0.33125 0.025 0.334375 0.025 0.340625 0.01875 0.346875 0.01875 0.353125 0.015625 0.35625 0.0140625 0.35625 0.0125 0.357812 0.0125 0.36875 0.0140625 0.370313 0.0140625 0.371875 0.015625 0.371875 0.021875 0.365625 0.021875 0.3625 0.0234375 0.360938 0.0234375 0.357812 0.0296875 0.351562 0.0296875 0.345313 0.0328125 0.342187 0.034375 0.342187 0.034375 0.340625 0.0359375 0.339063 0.0359375 0.332812 0.034375 0.33125
0 0.159375 0.301562 0.157813 0.303125 0.157813 0.304688 0.15625 0.30625 0.153125 0.30625 0.15 0.309375 0.15 0.315625 0.151562 0.317187 0.153125 0.317187 0.157813 0.3125 0.157813 0.310937 0.160938 0.307813 0.160938 0.304688 0.1625 0.303125 0.1625 0.301562
0 0.492188 0.74375 0.490625 0.745313 0.489062 0.745313 0.4875 0.746875 0.4875 0.748438 0.485938 0.75 0.484375 0.75 0.478125 0.75625 0.476562 0.75625 0.475 0.757812 0.475 0.765625 0.476562 0.767187 0.478125 0.767187 0.48125 0.764063 0.48125 0.7625 0.482812 0.760938 0.482812 0.759375 0.4875 0.754687 0.489062 0.754687 0.492188 0.751562 0.492188 0.75 0.49375 0.748438 0.495313 0.748438 0.496875 0.746875 0.496875 0.745313 0.495313 0.74375
0 0.145313 0.84375 0.14375 0.845312 0.14375 0.878125 0.145313 0.879687 0.145313 0.88125 0.146875 0.88125 0.146875 0.879687 0.148438 0.878125 0.148438 0.865625 0.15 0.864062 0.15 0.8625 0.153125 0.859375 0.153125 0.85625 0.154687 0.854688 0.154687 0.845312 0.153125 0.84375
0 0.807813 0.115625 0.80625 0.117188 0.80625 0.125 0.804688 0.126563 0.803125 0.126563 0.8 0.129688 0.8 0.134375 0.796875 0.1375 0.795313 0.1375 0.7875 0.145313 0.789062 0.146875 0.789062 0.148438 0.795313 0.148438 0.796875 0.146875 0.796875 0.14375 0.798437 0.142188 0.798437 0.1375 0.8 0.135937 0.803125 0.135937 0.804688 0.134375 0.804688 0.126563 0.80625 0.125 0.807813 0.125 0.810938 0.121875 0.810938 0.117188 0.8125 0.115625 0.814062 0.115625
0 0.626562 0.3125 0.625 0.314063 0.625 0.317187 0.623438 0.31875 0.623438 0.320312 0.620313 0.323438 0.620313 0.325 0.61875 0.326562 0.61875 0.353125 0.620313 0.354688 0.620313 0.35625 0.621875 0.35625 0.621875 0.354688 0.623438 0.353125 0.623438 0.34375 0.625 0.342187 0.625 0.340625 0.628125 0.3375 0.628125 0.335938 0.629687 0.334375 0.629687 0.320312 0.63125 0.31875 0.63125 0.317187 0.632812 0.315625 0.632812 0.314063 0.63125 0.314063 0.629687 0.3125
0 0.176563 0.38125 0.16875 0.389062 0.16875 0.404687 0.170312 0.40625 0.170312 0.409375 0.171875 0.409375 0.171875 0.407813 0.173438 0.40625 0.173438 0.401563 0.175 0.4 0.175 0.398438 0.176563 0.396875 0.178125 0.396875 0.178125 0.39375 0.179688 0.392188 0.179688 0.3875 0.18125 0.385938 0.18125 0.382812 0.179688 0.38125
0 0.201562 0.63125 0.2 0.632812 0.2 0.639063 0.19375 0.645312 0.19375 0.65625 0.195312 0.657812 0.195312 0.659375 0.2 0.659375 0.201562 0.657812 0.203125 0.657812 0.203125 0.65625 0.204688 0.654688 0.204688 0.646875 0.20625 0.645312 0.20625 0.64375 0.210938 0.639063 0.210938 0.632812 0.209375 0.63125
0 0.571875 0.49375 0.564062 0.501562 0.564062 0.503125 0.5625 0.504687 0.5625 0.507812 0.55625 0.514063 0.55625 0.515625 0.553125 0.51875 0.551562 0.51875 0.55 0.520312 0.55 0.528125 0.553125 0.53125 0.554688 0.529688 0.554688 0.528125 0.560938 0.521875 0.560938 0.51875 0.565625 0.514063 0.565625 0.510938 0.567187 0.509375 0.567187 0.507812 0.56875 0.50625 0.570312 0.50625 0.571875 0.504687 0.571875 0.503125 0.573438 0.501562 0.573438 0.5 0.576563 0.496875 0.578125 0.496875 0.578125 0.495313 0.573438 0.495313
0 0.432813 0.35 0.43125 0.351562 0.43125 0.353125 0.426562 0.357812 0.426562 0.359375 0.425 0.360938 0.425 0.367188 0.420312 0.371875 0.420312 0.375 0.41875 0.376563 0.41875 0.389062 0.420312 0.390625 0.421875 0.390625 0.425 0.3875 0.425 0.385938 0.426562 0.384375 0.428125 0.384375 0.428125 0.379687 0.429688 0.378125 0.429688 0.371875 0.43125 0.370313 0.43125 0.36875 0.434375 0.365625 0.434375 0.3625 0.435937 0.360938 0.435937 0.357812 0.440625 0.353125 0.440625 0.351562 0.4375 0.351562 0.435937 0.35
0 0.334375 0.26875 0.33125 0.271875 0.33125 0.279687 0.329688 0.28125 0.329688 0.282813 0.326562 0.285937 0.326562 0.2875 0.325 0.289062 0.325 0.303125 0.326562 0.304688 0.328125 0.304688 0.329688 0.303125 0.33125 0.303125 0.332812 0.301562 0.332812 0.3 0.334375 0.298438 0.334375 0.289062 0.335938 0.2875 0.335938 0.28125 0.3375 0.279687 0.3375 0.278125 0.340625 0.275 0.340625 0.273438 0.342187 0.271875 0.342187 0.270312 0.340625 0.26875
0 0.570312 0.932813 0.570312 0.935938 0.56875 0.9375 0.56875 0.940625 0.565625 0.94375 0.564062 0.94375 0.564062 0.945312 0.5625 0.946875 0.5625 0.951563 0.55625 0.957812 0.55625 0.971875 0.557813 0.973437 0.559375 0.973437 0.560938 0.971875 0.560938 0.970312 0.565625 0.965625 0.565625 0.964063 0.567187 0.9625 0.567187 0.95625 0.56875 0.954687 0.56875 0.951563 0.571875 0.948438 0.571875 0.94375 0.573438 0.942187 0.573438 0.935938 0.575 0.934375 0.573438 0.932813
0 0.0390625 0.2375 0.0375 0.239063 0.0375 0.240625 0.034375 0.24375 0.0328125 0.24375 0.03125 0.245312 0.03125 0.246875 0.028125 0.25 0.0265625 0.25 0.025 0.251563 0.025 0.253125 0.021875 0.25625 0.0203125 0.25625 0.01875 0.257812 0.01875 0.265625 0.0203125 0.267188 0.0234375 0.267188 0.025 0.265625 0.0265625 0.265625 0.0296875 0.2625 0.0296875 0.260938 0.03125 0.259375 0.03125 0.257812 0.0328125 0.25625 0.034375 0.25625 0.0359375 0.254687 0.0359375 0.253125 0.040625 0.248437 0.0421875 0.248437 0.04375 0.246875 0.04375 0.245312 0.0453125 0.24375 0.046875 0.24375 0.046875 0.242188 0.0484375 0.240625 0.0484375 0.239063 0.046875 0.2375
0 0.107813 0.2875 0.10625 0.289062 0.10625 0.290625 0.101562 0.295312 0.101562 0.296875 0.1 0.298438 0.1 0.309375 0.101562 0.310937 0.101562 0.3125 0.103125 0.3125 0.104687 0.310937 0.10625 0.310937 0.107813 0.309375 0.109375 0.309375 0.109375 0.30625 0.110937 0.304688 0.110937 0.295312 0.115625 0.290625 0.115625 0.289062 0.114063 0.2875
0 0.382812 0.61875 0.38125 0.620313 0.38125 0.621875 0.376563 0.626562 0.376563 0.629687 0.375 0.63125 0.375 0.642187 0.376563 0.64375 0.376563 0.646875 0.378125 0.646875 0.379687 0.645312 0.38125 0.645312 0.382812 0.64375 0.384375 0.64375 0.384375 0.642187 0.385938 0.640625 0.385938 0.632812 0.392188 0.626562 0.392188 0.620313 0.390625 0.61875
0 0.621875 0.83125 0.61875 0.834375 0.61875 0.845312 0.617188 0.846875 0.617188 0.848437 0.615625 0.85 0.614062 0.85 0.614062 0.851562 0.6125 0.853125 0.6125 0.870313 0.614062 0.871875 0.617188 0.871875 0.617188 0.870313 0.623438 0.864062 0.623438 0.851562 0.628125 0.846875 0.628125 0.84375 0.629687 0.842188 0.629687 0.832812 0.628125 0.83125
0 0.457812 0.132812 0.453125 0.1375 0.451562 0.1375 0.451562 0.139062 0.45 0.140625 0.45 0.146875 0.448438 0.148438 0.446875 0.148438 0.44375 0.151562 0.44375 0.157813 0.445312 0.159375 0.445312 0.160938 0.446875 0.160938 0.448438 0.159375 0.448438 0.15625 0.453125 0.151562 0.453125 0.15 0.454688 0.148438 0.454688 0.146875 0.459375 0.142188 0.459375 0.140625 0.460938 0.139062 0.460938 0.135937 0.4625 0.134375 0.460938 0.132812
0 0.0703125 0.590625 0.06875 0.592188 0.06875 0.595312 0.0671875 0.596875 0.0671875 0.598437 0.0625 0.603125 0.0625 0.610937 0.0640625 0.6125 0.0640625 0.614062 0.065625 0.614062 0.065625 0.6125 0.0671875 0.610937 0.0671875 0.609375 0.06875 0.607813 0.06875 0.60625 0.0703125 0.604688 0.071875 0.604688 0.071875 0.603125 0.0734375 0.601562 0.0734375 0.592188 0.071875 0.590625
0 0.38125 0.3375 0.379687 0.339063 0.378125 0.339063 0.376563 0.340625 0.376563 0.342187 0.375 0.34375 0.375 0.346875 0.371875 0.35 0.370313 0.35 0.36875 0.351562 0.36875 0.353125 0.364062 0.357812 0.364062 0.359375 0.3625 0.360938 0.3625 0.365625 0.364062 0.367188 0.364062 0.36875 0.367188 0.36875 0.36875 0.367188 0.371875 0.367188 0.373437 0.365625 0.373437 0.3625 0.378125 0.357812 0.378125 0.35625 0.379687 0.354688 0.379687 0.351562 0.382812 0.348437 0.384375 0.348437 0.384375 0.346875 0.385938 0.345313 0.385938 0.342187 0.3875 0.340625 0.384375 0.3375
0 0.476562 0.8375 0.475 0.839063 0.475 0.845312 0.473437 0.846875 0.473437 0.848437 0.471875 0.85 0.470313 0.85 0.470313 0.851562 0.46875 0.853125 0.46875 0.86875 0.470313 0.870313 0.470313 0.871875 0.471875 0.871875 0.473437 0.870313 0.473437 0.864062 0.479688 0.857813 0.479688 0.846875 0.48125 0.845312 0.48125 0.84375 0.482812 0.842188 0.484375 0.842188 0.485938 0.840625 0.482812 0.8375
0 0.946875 0.925 0.945312 0.926562 0.945312 0.928125 0.94375 0.929688 0.94375 0.93125 0.942187 0.932813 0.942187 0.934375 0.9375 0.939062 0.9375 0.948438 0.939062 0.95 0.939062 0.951563 0.940625 0.951563 0.942187 0.95 0.942187 0.946875 0.94375 0.945312 0.94375 0.94375 0.946875 0.940625 0.946875 0.935938 0.948438 0.934375 0.948438 0.928125 0.946875 0.926562
0 0.63125 0.489062 0.626562 0.49375 0.626562 0.495313 0.625 0.496875 0.625 0.498437 0.621875 0.501562 0.620313 0.501562 0.620313 0.503125 0.61875 0.504687 0.61875 0.50625 0.614062 0.510938 0.614062 0.5125 0.6125 0.514063 0.6125 0.515625 0.614062 0.517187 0.614062 0.520312 0.615625 0.520312 0.615625 0.51875 0.61875 0.515625 0.61875 0.514063 0.621875 0.510938 0.621875 0.509375 0.623438 0.507812 0.623438 0.50625 0.626562 0.503125 0.628125 0.503125 0.628125 0.501562 0.632812 0.496875 0.634375 0.496875 0.634375 0.495313 0.635938 0.49375 0.635938 0.492188 0.6375 0.490625 0.639063 0.490625 0.639063 0.489062
0 0.139062 0.5375 0.13125 0.545313 0.13125 0.565625 0.132812 0.567187 0.134375 0.567187 0.135937 0.565625 0.135937 0.557813 0.140625 0.553125 0.140625 0.55 0.142188 0.548437 0.142188 0.539062 0.140625 0.5375
0 0.270312 0.926562 0.26875 0.928125 0.26875 0.929688 0.264062 0.934375 0.264062 0.935938 0.2625 0.9375 0.2625 0.953125 0.264062 0.954687 0.265625 0.954687 0.267188 0.953125 0.267188 0.945312 0.270312 0.942187 0.270312 0.940625 0.271875 0.939062 0.271875 0.934375 0.273438 0.932813 0.273438 0.926562
0 0.120312 0.357812 0.120312 0.359375 0.11875 0.360938 0.11875 0.3625 0.117188 0.364062 0.115625 0.364062 0.114063 0.365625 0.114063 0.367188 0.1125 0.36875 0.1125 0.378125 0.114063 0.379687 0.115625 0.379687 0.117188 0.378125 0.117188 0.376563 0.123438 0.370313 0.123438 0.367188 0.128125 0.3625 0.128125 0.360938 0.129688 0.359375 0.129688 0.357812
0 0.607813 0.409375 0.607813 0.410937 0.60625 0.4125 0.60625 0.417188 0.601562 0.421875 0.601562 0.423438 0.6 0.425 0.6 0.445312 0.601562 0.446875 0.601562 0.448438 0.603125 0.448438 0.603125 0.446875 0.604688 0.445312 0.604688 0.432813 0.60625 0.43125 0.60625 0.429688 0.609375 0.426562 0.609375 0.423438 0.610937 0.421875 0.610937 0.410937 0.609375 0.409375
0 0.439063 0.0609375 0.439063 0.0625 0.4375 0.0640625 0.4375 0.0671875 0.432813 0.071875 0.432813 0.0734375 0.43125 0.075 0.43125 0.0765625 0.429688 0.078125 0.429688 0.0796875 0.425 0.084375 0.425 0.0859375 0.420312 0.090625 0.420312 0.0921875 0.41875 0.09375 0.41875 0.103125 0.420312 0.104687 0.420312 0.10625 0.421875 0.10625 0.423438 0.104687 0.425 0.104687 0.428125 0.101562 0.428125 0.1 0.429688 0.0984375 0.429688 0.090625 0.43125 0.0890625 0.43125 0.0875 0.432813 0.0859375 0.434375 0.0859375 0.434375 0.084375 0.435937 0.0828125 0.435937 0.0734375 0.440625 0.06875 0.440625 0.0609375
0 0.821875 0.476562 0.820312 0.478125 0.820312 0.479688 0.81875 0.48125 0.81875 0.484375 0.820312 0.485938 0.820312 0.4875 0.821875 0.4875 0.823438 0.485938 0.823438 0.484375 0.825 0.482812 0.825 0.479688
0 0.220313 0.86875 0.21875 0.870313 0.21875 0.8875 0.220313 0.889063 0.220313 0.890625 0.221875 0.890625 0.221875 0.889063 0.223438 0.8875 0.223438 0.870313 0.221875 0.86875
0 0.245312 0.10625 0.24375 0.107813 0.242188 0.107813 0.2375 0.1125 0.2375 0.114063 0.23125 0.120312 0.23125 0.128125 0.232812 0.129688 0.234375 0.129688 0.242188 0.121875 0.242188 0.120312 0.248437 0.114063 0.248437 0.1125 0.251563 0.109375 0.251563 0.107813 0.25 0.107813 0.248437 0.10625
0 0.557813 0.273438 0.557813 0.275 0.55625 0.276563 0.55625 0.278125 0.553125 0.28125 0.551562 0.28125 0.551562 0.282813 0.55 0.284375 0.55 0.29375 0.551562 0.295312 0.551562 0.296875 0.553125 0.296875 0.553125 0.295312 0.554688 0.29375 0.554688 0.285937 0.55625 0.284375 0.55625 0.282813 0.560938 0.278125 0.560938 0.276563 0.559375 0.275 0.559375 0.273438
0 0.446875 0.68125 0.445312 0.682813 0.445312 0.6875 0.44375 0.689062 0.440625 0.689062 0.439063 0.690625 0.439063 0.692187 0.4375 0.69375 0.4375 0.701563 0.439063 0.703125 0.439063 0.704687 0.440625 0.704687 0.440625 0.703125 0.442187 0.701563 0.442187 0.69375 0.44375 0.692187 0.44375 0.690625 0.446875 0.6875 0.446875 0.685938 0.448438 0.684375 0.448438 0.682813
0 0.621875 0.11875 0.620313 0.120312 0.61875 0.120312 0.61875 0.121875 0.617188 0.123438 0.617188 0.125 0.614062 0.128125 0.614062 0.13125 0.6125 0.132812 0.6125 0.134375 0.614062 0.135937 0.614062 0.139062 0.615625 0.139062 0.615625 0.135937 0.617188 0.134375 0.617188 0.132812 0.620313 0.129688 0.621875 0.129688 0.623438 0.128125 0.623438 0.126563 0.628125 0.121875 0.628125 0.120312 0.626562 0.11875
0 0.814062 0.301562 0.814062 0.303125 0.8125 0.304688 0.8125 0.30625 0.810938 0.307813 0.809375 0.307813 0.807813 0.309375 0.807813 0.3125 0.80625 0.314063 0.80625 0.321875 0.807813 0.323438 0.809375 0.323438 0.810938 0.321875 0.810938 0.31875 0.815625 0.314063 0.815625 0.309375 0.821875 0.303125 0.821875 0.301562
0 0.651563 0.7625 0.64375 0.770312 0.64375 0.771875 0.640625 0.775 0.639063 0.775 0.6375 0.776563 0.6375 0.778125 0.635938 0.779688 0.635938 0.78125 0.632812 0.784375 0.632812 0.785937 0.63125 0.7875 0.63125 0.792188 0.632812 0.79375 0.632812 0.795313 0.634375 0.795313 0.6375 0.792188 0.639063 0.792188 0.642187 0.789062 0.642187 0.784375 0.648438 0.778125 0.648438 0.776563 0.654688 0.770312 0.654688 0.76875 0.65625 0.767187 0.65625 0.764063 0.654688 0.764063 0.653125 0.7625
0 0.0640625 0.73125 0.05625 0.739062 0.05625 0.753125 0.0578125 0.754687 0.059375 0.754687 0.0609375 0.753125 0.0609375 0.751562 0.0640625 0.748438 0.065625 0.748438 0.0671875 0.746875 0.0671875 0.7375 0.06875 0.735937 0.06875 0.732813 0.0671875 0.732813 0.065625 0.73125
0 0.982813 0.14375 0.982813 0.145313 0.98125 0.146875 0.98125 0.148438 0.979688 0.15 0.976562 0.15 0.975 0.151562 0.975 0.153125 0.96875 0.159375 0.96875 0.165625 0.970312 0.167187 0.971875 0.167187 0.973437 0.165625 0.975 0.165625 0.975 0.164062 0.976562 0.1625 0.978125 0.1625 0.978125 0.160938 0.979688 0.159375 0.979688 0.15625 0.98125 0.154687 0.98125 0.151562 0.985937 0.146875 0.985937 0.145313 0.984375 0.14375
0 0.965625 0.257812 0.964063 0.259375 0.964063 0.267188 0.9625 0.26875 0.9625 0.270312 0.957812 0.275 0.957812 0.276563 0.95625 0.278125 0.95625 0.282813 0.95 0.289062 0.95 0.298438 0.951563 0.3 0.951563 0.303125 0.953125 0.303125 0.959375 0.296875 0.959375 0.295312 0.960938 0.29375 0.960938 0.289062 0.9625 0.2875 0.9625 0.285937 0.964063 0.284375 0.965625 0.284375 0.965625 0.279687 0.967188 0.278125 0.967188 0.275 0.971875 0.270312 0.971875 0.265625 0.973437 0.264062 0.973437 0.2625 0.976562 0.259375 0.975 0.257812
0 0.251563 0.26875 0.25 0.270312 0.240625 0.270312 0.239063 0.271875 0.239063 0.275 0.2375 0.276563 0.2375 0.28125 0.232812 0.285937 0.232812 0.2875 0.23125 0.289062 0.23125 0.30625 0.232812 0.307813 0.232812 0.309375 0.234375 0.309375 0.234375 0.307813 0.235938 0.30625 0.235938 0.303125 0.240625 0.298438 0.240625 0.296875 0.242188 0.295312 0.242188 0.289062 0.246875 0.284375 0.246875 0.282813 0.248437 0.28125 0.248437 0.276563 0.253125 0.271875 0.253125 0.270312
0 0.345313 0.55625 0.34375 0.557813 0.34375 0.559375 0.342187 0.560938 0.342187 0.564062 0.339063 0.567187 0.3375 0.565625 0.332812 0.565625 0.332812 0.570312 0.33125 0.571875 0.33125 0.582812 0.332812 0.584375 0.335938 0.584375 0.340625 0.579687 0.340625 0.56875 0.342187 0.567187 0.345313 0.567187 0.346875 0.565625 0.346875 0.55625
0 0.182812 0.8 0.18125 0.801562 0.18125 0.804688 0.179688 0.80625 0.179688 0.807813 0.176563 0.810938 0.176563 0.8125 0.175 0.814062 0.175 0.828125 0.176563 0.829687 0.178125 0.829687 0.179688 0.828125 0.18125 0.828125 0.18125 0.826563 0.185937 0.821875 0.185937 0.8125 0.1875 0.810938 0.1875 0.807813 0.192188 0.803125 0.189063 0.8
0 0.05625 0.0265625 0.0546875 0.028125 0.0546875 0.0328125 0.05625 0.034375 0.05625 0.0375 0.0578125 0.0390625 0.059375 0.0375 0.059375 0.034375 0.0609375 0.0328125 0.0609375 0.03125 0.0625 0.0296875 0.0640625 0.0296875 0.065625 0.028125 0.0640625 0.0265625
0 0.114063 0.4375 0.1125 0.439063 0.1125 0.442187 0.110937 0.44375 0.110937 0.445312 0.107813 0.448438 0.107813 0.45 0.10625 0.451562 0.10625 0.465625 0.107813 0.467187 0.109375 0.467187 0.110937 0.465625 0.110937 0.460938 0.1125 0.459375 0.1125 0.457812 0.117188 0.453125 0.117188 0.445312 0.121875 0.440625 0.121875 0.439063 0.120312 0.439063 0.11875 0.4375
0 0.132812 0.9125 0.13125 0.914062 0.13125 0.920313 0.129688 0.921875 0.129688 0.923437 0.126563 0.926562 0.126563 0.928125 0.125 0.929688 0.125 0.948438 0.126563 0.95 0.126563 0.951563 0.128125 0.951563 0.134375 0.945312 0.134375 0.942187 0.135937 0.940625 0.135937 0.93125 0.1375 0.929688 0.1375 0.928125 0.139062 0.926562 0.139062 0.925 0.140625 0.923437 0.140625 0.921875 0.142188 0.920313 0.142188 0.914062 0.140625 0.9125
0 0.11875 0.182812 0.11875 0.184375 0.117188 0.185937 0.115625 0.185937 0.1125 0.189063 0.1125 0.190625 0.114063 0.192188 0.114063 0.19375 0.115625 0.19375 0.117188 0.192188 0.11875 0.192188 0.121875 0.189063 0.121875 0.185937 0.123438 0.184375 0.123438 0.182812
0 0.0390625 0.63125 0.0375 0.632812 0.0375 0.646875 0.0390625 0.648438 0.040625 0.648438 0.0421875 0.646875 0.0421875 0.640625 0.04375 0.639063 0.04375 0.6375 0.0453125 0.635938 0.046875 0.635938 0.046875 0.632812 0.0453125 0.63125
0 0.182812 0.45 0.18125 0.451562 0.18125 0.453125 0.16875 0.465625 0.16875 0.471875 0.170312 0.473437 0.171875 0.473437 0.173438 0.471875 0.173438 0.470313 0.176563 0.467187 0.178125 0.467187 0.179688 0.465625 0.179688 0.464063 0.182812 0.460938 0.184375 0.460938 0.185937 0.459375 0.185937 0.457812 0.189063 0.454688 0.190625 0.454688 0.192188 0.453125 0.192188 0.451562 0.190625 0.451562 0.189063 0.45
0 0.971875 0.03125 0.96875 0.034375 0.96875 0.059375 0.970312 0.0609375 0.971875 0.0609375 0.973437 0.059375 0.973437 0.053125 0.975 0.0515625 0.975 0.05 0.978125 0.046875 0.978125 0.04375 0.979688 0.0421875 0.979688 0.0328125 0.978125 0.03125
0 0.645312 0.0078125 0.64375 0.009375 0.64375 0.0109375 0.640625 0.0140625 0.639063 0.0140625 0.639063 0.015625 0.6375 0.0171875 0.6375 0.0234375 0.639063 0.025 0.639063 0.0265625 0.640625 0.0265625 0.642187 0.025 0.64375 0.025 0.645312 0.0234375 0.646875 0.0234375 0.648438 0.021875 0.648438 0.01875 0.653125 0.0140625 0.653125 0.009375 0.651563 0.0078125
0 0.453125 0.00625 0.45 0.009375 0.45 0.0140625 0.451562 0.015625 0.453125 0.015625 0.454688 0.0140625 0.454688 0.0078125
0 0.1625 0.23125 0.160938 0.232812 0.157813 0.232812 0.157813 0.234375 0.151562 0.240625 0.151562 0.242188 0.15 0.24375 0.15 0.245312 0.14375 0.251563 0.14375 0.254687 0.145313 0.25625 0.145313 0.259375 0.146875 0.259375 0.146875 0.257812 0.15 0.254687 0.15 0.253125 0.153125 0.25 0.153125 0.248437 0.154687 0.246875 0.154687 0.245312 0.157813 0.242188 0.159375 0.242188 0.159375 0.240625 0.164062 0.235938 0.165625 0.235938 0.165625 0.232812 0.164062 0.23125
0 0.996875 0.80625 0.99375 0.809375 0.99375 0.814062 0.9875 0.820312 0.9875 0.829687 0.989062 0.83125 0.989062 0.832812 0.990625 0.832812 0.990625 0.83125 0.992188 0.829687 0.992188 0.826563 0.996875 0.821875 0.998438 0.821875 0.998438 0.80625
0 0.295312 0.51875 0.29375 0.520312 0.29375 0.521875 0.292188 0.523438 0.292188 0.525 0.289062 0.528125 0.289062 0.529688 0.2875 0.53125 0.2875 0.542188 0.285937 0.54375 0.285937 0.545313 0.282813 0.548437 0.282813 0.55 0.28125 0.551562 0.28125 0.571875 0.282813 0.573438 0.282813 0.575 0.284375 0.575 0.284375 0.573438 0.285937 0.571875 0.285937 0.564062 0.290625 0.559375 0.290625 0.557813 0.292188 0.55625 0.292188 0.546875 0.296875 0.542188 0.296875 0.540625 0.298438 0.539062 0.298438 0.528125 0.303125 0.523438 0.303125 0.520312 0.301562 0.51875
0 0.321875 0.55625 0.320312 0.557813 0.31875 0.557813 0.31875 0.559375 0.3125 0.565625 0.3125 0.571875 0.30625 0.578125 0.30625 0.595312 0.307813 0.596875 0.309375 0.596875 0.310937 0.595312 0.310937 0.590625 0.3125 0.589063 0.3125 0.5875 0.314063 0.585938 0.315625 0.585938 0.317187 0.584375 0.317187 0.58125 0.31875 0.579687 0.31875 0.578125 0.321875 0.575 0.321875 0.573438 0.323438 0.571875 0.323438 0.56875 0.328125 0.564062 0.328125 0.557813 0.326562 0.55625
0 0.357812 0.26875 0.35625 0.270312 0.354688 0.270312 0.35 0.275 0.35 0.278125 0.348437 0.279687 0.348437 0.28125 0.345313 0.284375 0.345313 0.285937 0.34375 0.2875 0.34375 0.290625 0.345313 0.292188 0.345313 0.29375 0.346875 0.29375 0.346875 0.292188 0.348437 0.290625 0.348437 0.289062 0.351562 0.285937 0.353125 0.285937 0.353125 0.284375 0.354688 0.282813 0.354688 0.276563 0.357812 0.273438 0.359375 0.273438 0.359375 0.270312
0 0.157813 0.9625 0.15625 0.964063 0.15625 0.990625 0.157813 0.992188 0.157813 0.998438 0.159375 0.998438 0.159375 0.992188 0.160938 0.990625 0.160938 0.96875 0.1625 0.967188 0.1625 0.964063 0.160938 0.964063 0.159375 0.9625
0 0.732813 0.38125 0.73125 0.382812 0.73125 0.384375 0.729688 0.385938 0.729688 0.3875 0.726562 0.390625 0.726562 0.392188 0.725 0.39375 0.725 0.410937 0.726562 0.4125 0.726562 0.414062 0.728125 0.415625 0.728125 0.4125 0.729688 0.410937 0.729688 0.404687 0.73125 0.403125 0.73125 0.401563 0.735937 0.396875 0.735937 0.389062 0.740625 0.384375 0.740625 0.382812 0.7375 0.382812 0.735937 0.38125
0 0.145313 0.454688 0.145313 0.45625 0.14375 0.457812 0.14375 0.460938 0.142188 0.4625 0.142188 0.464063 0.139062 0.467187 0.139062 0.46875 0.1375 0.470313 0.1375 0.478125 0.139062 0.479688 0.139062 0.48125 0.140625 0.48125 0.146875 0.475 0.146875 0.473437 0.148438 0.471875 0.148438 0.454688
0 0.864062 0.91875 0.8625 0.920313 0.8625 0.928125 0.860937 0.929688 0.860937 0.93125 0.859375 0.932813 0.859375 0.934375 0.857813 0.935938 0.857813 0.940625 0.85625 0.942187 0.85625 0.946875 0.857813 0.948438 0.857813 0.951563 0.859375 0.951563 0.859375 0.948438 0.860937 0.946875 0.860937 0.945312 0.867188 0.939062 0.867188 0.932813 0.86875 0.93125 0.86875 0.929688 0.871875 0.926562 0.871875 0.925 0.873438 0.923437 0.873438 0.920313 0.871875 0.91875
0 0.832812 0.80625 0.83125 0.807813 0.83125 0.826563 0.832812 0.828125 0.834375 0.828125 0.835938 0.826563 0.835938 0.814062 0.8375 0.8125 0.8375 0.810938 0.839063 0.809375 0.839063 0.807813 0.8375 0.807813 0.835938 0.80625
0 0.195312 0.9625 0.19375 0.964063 0.192188 0.964063 0.1875 0.96875 0.1875 0.970312 0.182812 0.975 0.182812 0.976562 0.18125 0.978125 0.18125 0.982813 0.182812 0.984375 0.184375 0.984375 0.195312 0.973437 0.196875 0.973437 0.198437 0.971875 0.198437 0.970312 0.201562 0.967188 0.203125 0.967188 0.203125 0.964063 0.201562 0.9625
0 0.457812 0.585938 0.45625 0.5875 0.453125 0.5875 0.451562 0.589063 0.451562 0.596875 0.45 0.598437 0.446875 0.598437 0.44375 0.601562 0.44375 0.6125 0.445312 0.614062 0.445312 0.615625 0.446875 0.615625 0.446875 0.614062 0.448438 0.6125 0.448438 0.60625 0.45 0.604688 0.45 0.6 0.451562 0.598437 0.451562 0.596875 0.453125 0.595312 0.453125 0.59375 0.45625 0.590625 0.457812 0.590625
0 0.689062 0.85 0.6875 0.851562 0.6875 0.853125 0.682813 0.857813 0.682813 0.859375 0.68125 0.860937 0.68125 0.88125 0.682813 0.882812 0.682813 0.884375 0.684375 0.884375 0.684375 0.882812 0.685938 0.88125 0.685938 0.875 0.6875 0.873438 0.6875 0.871875 0.690625 0.86875 0.690625 0.867188 0.692187 0.865625 0.692187 0.851562 0.690625 0.85
0 0.0078125 0.23125 0.00625 0.232812 0.00625 0.234375 0.0046875 0.235938 0.0046875 0.239063 0.0015625 0.242188 0 0.242188 0 0.259375 0.0015625 0.259375 0.003125 0.257812 0.003125 0.25625 0.0046875 0.254687 0.0046875 0.253125 0.009375 0.248437 0.009375 0.246875 0.0109375 0.245312 0.0109375 0.242188 0.0140625 0.239063 0.0140625 0.2375 0.015625 0.235938 0.015625 0.232812 0.0140625 0.23125
0 0.307813 0.857813 0.30625 0.859375 0.30625 0.8625 0.304688 0.864062 0.304688 0.865625 0.301562 0.86875 0.301562 0.871875 0.3 0.873438 0.3 0.8875 0.301562 0.889063 0.301562 0.890625 0.303125 0.890625 0.303125 0.889063 0.304688 0.8875 0.304688 0.878125 0.30625 0.876562 0.30625 0.875 0.307813 0.873438 0.307813 0.871875 0.309375 0.870313 0.309375 0.867188 0.310937 0.865625 0.310937 0.860937 0.309375 0.859375 0.309375 0.857813
0 0.323438 0.91875 0.321875 0.920313 0.320312 0.920313 0.320312 0.921875 0.31875 0.923437 0.31875 0.926562 0.3125 0.932813 0.3125 0.940625 0.314063 0.942187 0.31875 0.942187 0.321875 0.939062 0.321875 0.9375 0.323438 0.935938 0.323438 0.932813 0.328125 0.928125 0.328125 0.926562 0.329688 0.925 0.329688 0.920313 0.328125 0.91875
0 0.859375 0.575 0.857813 0.576563 0.85625 0.576563 0.85625 0.579687 0.853125 0.582812 0.853125 0.590625 0.848437 0.595312 0.845312 0.595312 0.845312 0.604688 0.84375 0.60625 0.84375 0.609375 0.845312 0.610937 0.846875 0.610937 0.848437 0.609375 0.848437 0.60625 0.853125 0.601562 0.853125 0.59375 0.854688 0.592188 0.857813 0.592188 0.860937 0.589063 0.860937 0.5875 0.864062 0.584375 0.865625 0.584375 0.865625 0.579687 0.867188 0.578125 0.864062 0.575
0 0.584375 0.24375 0.582812 0.245312 0.582812 0.246875 0.58125 0.248437 0.58125 0.253125 0.582812 0.254687 0.582812 0.25625 0.584375 0.25625 0.589063 0.251563 0.589063 0.25 0.590625 0.248437 0.590625 0.24375
0 0.826563 0.714063 0.825 0.715625 0.825 0.71875 0.81875 0.725 0.81875 0.726562 0.8125 0.732813 0.8125 0.734375 0.80625 0.740625 0.80625 0.742188 0.804688 0.74375 0.804688 0.745313 0.801562 0.748438 0.801562 0.75 0.8 0.751562 0.8 0.757812 0.801562 0.759375 0.803125 0.759375 0.804688 0.757812 0.804688 0.75625 0.810938 0.75 0.810938 0.746875 0.817187 0.740625 0.817187 0.739062 0.820312 0.735937 0.821875 0.735937 0.823438 0.734375 0.823438 0.73125 0.825 0.729688 0.825 0.726562 0.826563 0.725 0.828125 0.725 0.828125 0.723437 0.829687 0.721875 0.829687 0.715625 0.828125 0.714063
0 0.195312 0.70625 0.192188 0.709375 0.192188 0.710938 0.189063 0.714063 0.189063 0.715625 0.1875 0.717188 0.1875 0.73125 0.189063 0.732813 0.189063 0.734375 0.190625 0.734375 0.195312 0.729688 0.196875 0.729688 0.196875 0.728125 0.198437 0.726562 0.198437 0.714063 0.2 0.7125 0.2 0.710938 0.201562 0.709375 0.201562 0.707812 0.2 0.707812 0.198437 0.70625
0 0.0578125 0.401563 0.05625 0.403125 0.05625 0.404687 0.0546875 0.40625 0.053125 0.40625 0.0515625 0.407813 0.0515625 0.409375 0.05 0.410937 0.05 0.415625 0.0515625 0.417188 0.0515625 0.420312 0.053125 0.420312 0.053125 0.41875 0.05625 0.415625 0.05625 0.414062 0.059375 0.410937 0.059375 0.409375 0.0609375 0.407813 0.0609375 0.40625 0.0625 0.404687 0.0640625 0.404687 0.065625 0.403125 0.065625 0.401563
0 0.56875 0.84375 0.564062 0.848437 0.564062 0.867188 0.565625 0.867188 0.565625 0.859375 0.567187 0.857813 0.567187 0.85625 0.570312 0.853125 0.571875 0.853125 0.571875 0.851562 0.573438 0.85 0.573438 0.845312 0.571875 0.84375
0 0.139062 0.00625 0.1375 0.0078125 0.132812 0.0078125 0.132812 0.0109375 0.13125 0.0125 0.13125 0.0140625 0.132812 0.015625 0.132812 0.0171875 0.134375 0.0171875 0.134375 0.015625 0.140625 0.009375 0.140625 0.0078125
0 0.814062 0.64375 0.8125 0.645312 0.8125 0.648438 0.810938 0.65 0.810938 0.651563 0.807813 0.654688 0.807813 0.65625 0.80625 0.657812 0.80625 0.671875 0.807813 0.673437 0.807813 0.675 0.809375 0.675 0.809375 0.673437 0.810938 0.671875 0.810938 0.664062 0.817187 0.657812 0.817187 0.651563 0.81875 0.65 0.81875 0.648438 0.820312 0.646875 0.821875 0.646875 0.821875 0.645312 0.81875 0.645312 0.817187 0.64375
0 0.764063 0.85 0.7625 0.851562 0.7625 0.89375 0.764063 0.895312 0.764063 0.896875 0.765625 0.896875 0.765625 0.895312 0.767187 0.89375 0.767187 0.86875 0.76875 0.867188 0.76875 0.8625 0.770312 0.860937 0.770312 0.859375 0.771875 0.857813 0.771875 0.854688 0.773438 0.853125 0.770312 0.85
0 0.739062 0.03125 0.7375 0.0328125 0.7375 0.0359375 0.735937 0.0375 0.735937 0.0421875 0.732813 0.0453125 0.732813 0.053125 0.734375 0.053125 0.734375 0.0453125 0.7375 0.0421875 0.740625 0.0421875 0.742188 0.040625 0.742188 0.0375 0.74375 0.0359375 0.74375 0.0328125 0.742188 0.0328125 0.740625 0.03125
0 0.251563 0.575 0.25 0.576563 0.25 0.603125 0.251563 0.604688 0.251563 0.60625 0.253125 0.60625 0.253125 0.604688 0.254687 0.603125 0.254687 0.585938 0.25625 0.584375 0.25625 0.582812 0.257812 0.58125 0.257812 0.579687 0.259375 0.578125 0.259375 0.576563 0.257812 0.576563 0.25625 0.575
0 0.898438 0.634375 0.895312 0.6375 0.895312 0.640625 0.89375 0.642187 0.89375 0.645312 0.892187 0.646875 0.892187 0.648438 0.890625 0.65 0.889063 0.65 0.889063 0.651563 0.8875 0.653125 0.8875 0.665625 0.889063 0.667188 0.890625 0.667188 0.892187 0.665625 0.892187 0.664062 0.896875 0.659375 0.896875 0.65625 0.898438 0.654688 0.898438 0.645312 0.9 0.64375 0.9 0.640625 0.901563 0.639063 0.901563 0.635938 0.903125 0.634375
0 0.996875 0.046875 0.996875 0.0515625 0.992188 0.05625 0.990625 0.05625 0.989062 0.0578125 0.989062 0.059375 0.9875 0.0609375 0.9875 0.0765625 0.989062 0.078125 0.990625 0.078125 0.992188 0.0765625 0.992188 0.071875 0.99375 0.0703125 0.99375 0.06875 0.995313 0.0671875 0.998438 0.0671875 0.998438 0.046875
0 0.646875 0.251563 0.645312 0.253125 0.645312 0.254687 0.64375 0.25625 0.639063 0.25625 0.6375 0.257812 0.6375 0.2625 0.639063 0.264062 0.639063 0.265625 0.642187 0.265625 0.64375 0.264062 0.64375 0.257812 0.648438 0.253125
0 0.889063 0.75 0.8875 0.751562 0.8875 0.803125 0.889063 0.804688 0.896875 0.804688 0.898438 0.803125 0.898438 0.792188 0.896875 0.790625 0.896875 0.784375 0.895312 0.782812 0.895312 0.779688 0.89375 0.778125 0.89375 0.773438 0.892187 0.771875 0.892187 0.751562 0.890625 0.75
0 0.445312 0.96875 0.44375 0.970312 0.44375 0.99375 0.445312 0.995313 0.445312 0.998438 0.446875 0.998438 0.446875 0.995313 0.448438 0.99375 0.448438 0.979688 0.45 0.978125 0.45 0.975 0.453125 0.971875 0.451562 0.970312 0.45 0.970312 0.448438 0.96875
0 0.745313 0.43125 0.739062 0.4375 0.739062 0.442187 0.742188 0.442187 0.746875 0.4375 0.746875 0.43125
0 0.270312 0.55 0.26875 0.551562 0.26875 0.570312 0.270312 0.571875 0.271875 0.571875 0.273438 0.570312 0.273438 0.564062 0.275 0.5625 0.275 0.560938 0.278125 0.557813 0.278125 0.554688 0.279687 0.553125 0.279687 0.551562 0.278125 0.55
0 0.795313 0.632812 0.79375 0.634375 0.79375 0.640625 0.790625 0.64375 0.789062 0.64375 0.7875 0.645312 0.7875 0.653125 0.785937 0.654688 0.785937 0.65625 0.784375 0.657812 0.782812 0.657812 0.782812 0.659375 0.78125 0.660937 0.78125 0.671875 0.782812 0.673437 0.782812 0.675 0.784375 0.675 0.785937 0.673437 0.785937 0.667188 0.7875 0.665625 0.7875 0.664062 0.789062 0.6625 0.789062 0.660937 0.790625 0.659375 0.790625 0.657812 0.792188 0.65625 0.792188 0.65 0.79375 0.648438 0.79375 0.645312 0.796875 0.642187 0.796875 0.639063 0.798437 0.6375 0.798437 0.632812
0 0.8125 0.0078125 0.810938 0.009375 0.803125 0.009375 0.801562 0.0109375 0.801562 0.015625 0.8 0.0171875 0.8 0.021875 0.801562 0.0234375 0.803125 0.0234375 0.804688 0.021875 0.804688 0.0203125 0.810938 0.0140625 0.810938 0.0109375 0.8125 0.009375 0.815625 0.009375 0.815625 0.0078125
0 0.404687 0.9125 0.403125 0.914062 0.401563 0.914062 0.401563 0.917188 0.4 0.91875 0.4 0.953125 0.401563 0.954687 0.403125 0.954687 0.404687 0.953125 0.404687 0.934375 0.40625 0.932813 0.40625 0.93125 0.407813 0.929688 0.407813 0.928125 0.409375 0.926562 0.409375 0.923437 0.410937 0.921875 0.410937 0.914062 0.409375 0.9125
0 0.939062 0.425 0.934375 0.429688 0.934375 0.43125 0.932813 0.432813 0.932813 0.435937 0.93125 0.4375 0.93125 0.440625 0.925 0.446875 0.925 0.45 0.920313 0.454688 0.920313 0.45625 0.91875 0.457812 0.91875 0.464063 0.920313 0.465625 0.920313 0.467187 0.921875 0.467187 0.923437 0.465625 0.923437 0.464063 0.925 0.4625 0.925 0.460938 0.926562 0.459375 0.928125 0.459375 0.928125 0.45625 0.929688 0.454688 0.929688 0.451562 0.93125 0.45 0.932813 0.45 0.935938 0.446875 0.935938 0.440625 0.942187 0.434375 0.942187 0.43125 0.945312 0.428125 0.945312 0.426562 0.94375 0.426562 0.942187 0.425
0 0.420312 0.25 0.41875 0.251563 0.41875 0.25625 0.417188 0.257812 0.417188 0.259375 0.4125 0.264062 0.4125 0.278125 0.414062 0.279687 0.414062 0.28125 0.415625 0.28125 0.415625 0.279687 0.417188 0.278125 0.417188 0.276563 0.41875 0.275 0.41875 0.273438 0.420312 0.271875 0.421875 0.271875 0.421875 0.26875 0.423438 0.267188 0.423438 0.259375 0.429688 0.253125 0.429688 0.251563 0.428125 0.25
0 0.970312 0.34375 0.970312 0.345313 0.96875 0.346875 0.96875 0.353125 0.970312 0.354688 0.970312 0.359375 0.971875 0.359375 0.971875 0.357812 0.973437 0.35625 0.973437 0.354688 0.975 0.353125 0.975 0.348437 0.976562 0.346875 0.973437 0.34375
0 0.639063 0.925 0.639063 0.926562 0.6375 0.928125 0.6375 0.934375 0.639063 0.935938 0.640625 0.935938 0.642187 0.934375 0.642187 0.928125 0.640625 0.926562 0.640625 0.925
0 0.814062 0.895312 0.814062 0.898438 0.8125 0.9 0.8125 0.903125 0.814062 0.904688 0.814062 0.90625 0.815625 0.90625 0.817187 0.904688 0.817187 0.896875 0.815625 0.895312
0 0.0515625 0.801562 0.0515625 0.809375 0.0484375 0.8125 0.0453125 0.8125 0.04375 0.814062 0.04375 0.821875 0.0453125 0.823438 0.046875 0.823438 0.0484375 0.821875 0.0484375 0.820312 0.05 0.81875 0.05 0.817187 0.0515625 0.815625 0.0515625 0.814062 0.053125 0.8125 0.053125 0.809375 0.0578125 0.804688 0.0578125 0.801562
0 0.996875 0.228125 0.99375 0.23125 0.992188 0.23125 0.990625 0.232812 0.989062 0.232812 0.989062 0.235938 0.9875 0.2375 0.9875 0.240625 0.989062 0.242188 0.990625 0.242188 0.992188 0.240625 0.992188 0.2375 0.995313 0.234375 0.998438 0.234375 0.998438 0.228125
0 0.33125 0 0.33125 0.009375 0.332812 0.0109375 0.335938 0.0109375 0.34375 0.003125 0.34375 0
0 0.2375 0.78125 0.235938 0.782812 0.234375 0.782812 0.232812 0.784375 0.232812 0.7875 0.23125 0.789062 0.23125 0.807813 0.234375 0.810938 0.235938 0.809375 0.235938 0.807813 0.2375 0.80625 0.2375 0.804688 0.240625 0.801562 0.240625 0.798437 0.242188 0.796875 0.242188 0.790625 0.24375 0.789062 0.24375 0.7875 0.246875 0.784375 0.245312 0.782812 0.24375 0.782812 0.242188 0.78125
0 0.9375 0.370313 0.932813 0.375 0.932813 0.376563 0.93125 0.378125 0.932813 0.379687 0.932813 0.384375 0.934375 0.384375 0.934375 0.382812 0.939062 0.378125 0.940625 0.378125 0.940625 0.375 0.942187 0.373437 0.942187 0.370313
0 0.989062 0.71875 0.9875 0.720312 0.985937 0.720312 0.985937 0.721875 0.982813 0.725 0.982813 0.726562 0.98125 0.728125 0.98125 0.753125 0.982813 0.754687 0.984375 0.754687 0.985937 0.753125 0.985937 0.751562 0.9875 0.75 0.9875 0.746875 0.990625 0.74375 0.990625 0.742188 0.992188 0.740625 0.992188 0.729688 0.99375 0.728125 0.99375 0.725 0.995313 0.723437 0.998438 0.723437 0.998438 0.720312 0.995313 0.720312 0.99375 0.71875
0 0.240625 0.70625 0.2375 0.709375 0.2375 0.71875 0.239063 0.720312 0.239063 0.734375 0.240625 0.734375 0.242188 0.732813 0.242188 0.729688 0.24375 0.728125 0.24375 0.726562 0.245312 0.725 0.245312 0.723437 0.246875 0.721875 0.246875 0.714063 0.248437 0.7125 0.248437 0.707812 0.246875 0.707812 0.245312 0.70625
0 0.510938 0.439063 0.509375 0.440625 0.509375 0.446875 0.510938 0.446875 0.514063 0.44375 0.515625 0.44375 0.515625 0.442187 0.517187 0.440625 0.515625 0.439063
0 0.540625 0.56875 0.5375 0.571875 0.5375 0.58125 0.535937 0.582812 0.535937 0.584375 0.53125 0.589063 0.53125 0.601562 0.532812 0.603125 0.532812 0.604688 0.534375 0.604688 0.534375 0.603125 0.535937 0.601562 0.535937 0.598437 0.5375 0.596875 0.5375 0.595312 0.542188 0.590625 0.542188 0.584375 0.548437 0.578125 0.548437 0.570312 0.546875 0.56875
0 0.695312 0.614062 0.695312 0.617188 0.69375 0.61875 0.69375 0.628125 0.690625 0.63125 0.689062 0.63125 0.689062 0.632812 0.6875 0.634375 0.6875 0.646875 0.689062 0.648438 0.690625 0.648438 0.698438 0.640625 0.698438 0.632812 0.7 0.63125 0.7 0.629687 0.703125 0.626562 0.703125 0.617188 0.704687 0.615625 0.703125 0.614062
0 0.964063 0.2125 0.9625 0.214062 0.959375 0.214062 0.959375 0.215625 0.957812 0.217187 0.957812 0.223438 0.959375 0.225 0.959375 0.226562 0.960938 0.225 0.964063 0.225 0.965625 0.223438 0.965625 0.220313 0.967188 0.21875 0.967188 0.214062 0.965625 0.2125
0 0.0453125 0.964063 0.04375 0.965625 0.040625 0.965625 0.040625 0.967188 0.0375 0.970312 0.0375 0.971875 0.0359375 0.973437 0.034375 0.973437 0.03125 0.976562 0.03125 0.98125 0.0328125 0.982813 0.0328125 0.984375 0.034375 0.984375 0.0359375 0.982813 0.0359375 0.98125 0.0375 0.979688 0.0375 0.978125 0.0390625 0.976562 0.0390625 0.975 0.0421875 0.971875 0.04375 0.971875 0.05 0.965625 0.053125 0.965625 0.053125 0.964063
0 0.820312 0.785937 0.81875 0.7875 0.815625 0.7875 0.814062 0.789062 0.814062 0.804688 0.815625 0.804688 0.817187 0.803125 0.817187 0.798437 0.81875 0.796875 0.81875 0.795313 0.820312 0.79375 0.820312 0.790625 0.821875 0.789062 0.820312 0.7875
0 0.0140625 0.95625 0.0125 0.957812 0.0125 0.965625 0.0109375 0.967188 0.0109375 0.96875 0.009375 0.970312 0.009375 0.971875 0.0078125 0.973437 0.0078125 0.978125 0.00625 0.979688 0.00625 0.998438 0.015625 0.998438 0.015625 0.992188 0.0171875 0.990625 0.0171875 0.976562 0.01875 0.975 0.01875 0.973437 0.0203125 0.971875 0.0203125 0.970312 0.021875 0.96875 0.021875 0.964063 0.0234375 0.9625 0.0234375 0.959375 0.0203125 0.95625
0 0.132812 0.757812 0.129688 0.760938 0.128125 0.760938 0.125 0.764063 0.125 0.771875 0.126563 0.773438 0.126563 0.775 0.128125 0.775 0.13125 0.771875 0.13125 0.76875 0.134375 0.765625 0.134375 0.760938 0.135937 0.759375 0.134375 0.757812
0 0.740625 0.695312 0.739062 0.696875 0.739062 0.698438 0.7375 0.7 0.7375 0.723437 0.739062 0.725 0.739062 0.726562 0.740625 0.726562 0.740625 0.725 0.742188 0.723437 0.742188 0.7125 0.74375 0.710938 0.74375 0.704687 0.745313 0.703125 0.745313 0.695312
0 0.757812 0.539062 0.757812 0.54375 0.75625 0.545313 0.75625 0.546875 0.754687 0.548437 0.751562 0.548437 0.751562 0.55 0.75 0.551562 0.75 0.559375 0.751562 0.560938 0.751562 0.5625 0.753125 0.5625 0.753125 0.560938 0.754687 0.559375 0.754687 0.55625 0.75625 0.554688 0.75625 0.553125 0.757812 0.551562 0.757812 0.548437 0.759375 0.546875 0.759375 0.542188 0.760938 0.540625 0.760938 0.539062
0 0 0.80625 0 0.825 0.0015625 0.825 0.0046875 0.821875 0.0046875 0.81875 0.00625 0.817187 0.00625 0.815625 0.0078125 0.814062 0.0078125 0.8125 0.009375 0.810938 0.009375 0.807813 0.0078125 0.80625
0 0.46875 0.5 0.467187 0.501562 0.465625 0.501562 0.464063 0.503125 0.464063 0.50625 0.4625 0.507812 0.4625 0.510938 0.460938 0.5125 0.459375 0.5125 0.457812 0.514063 0.457812 0.526563 0.459375 0.526563 0.460938 0.525 0.460938 0.523438 0.464063 0.520312 0.464063 0.51875 0.465625 0.517187 0.465625 0.515625 0.467187 0.514063 0.467187 0.5125 0.470313 0.509375 0.471875 0.509375 0.471875 0.50625 0.473437 0.504687 0.473437 0.501562 0.471875 0.5
0 0.620313 0.595312 0.620313 0.598437 0.61875 0.6 0.61875 0.601562 0.614062 0.60625 0.614062 0.607813 0.6125 0.609375 0.6125 0.610937 0.609375 0.614062 0.607813 0.614062 0.607813 0.61875 0.60625 0.620313 0.607813 0.621875 0.607813 0.626562 0.609375 0.626562 0.609375 0.625 0.610937 0.623438 0.610937 0.620313 0.615625 0.615625 0.615625 0.614062 0.617188 0.6125 0.617188 0.610937 0.621875 0.60625 0.621875 0.603125 0.628125 0.596875 0.628125 0.595312
0 0.970312 0.70625 0.96875 0.707812 0.96875 0.710938 0.967188 0.7125 0.967188 0.714063 0.964063 0.717188 0.964063 0.71875 0.9625 0.720312 0.9625 0.728125 0.959375 0.73125 0.957812 0.73125 0.957812 0.732813 0.95625 0.734375 0.95625 0.740625 0.957812 0.742188 0.957812 0.74375 0.959375 0.745313 0.959375 0.74375 0.960938 0.742188 0.960938 0.739062 0.9625 0.7375 0.9625 0.735937 0.964063 0.734375 0.964063 0.732813 0.967188 0.729688 0.967188 0.725 0.96875 0.723437 0.96875 0.721875 0.970312 0.720312 0.970312 0.71875 0.973437 0.715625 0.973437 0.7125 0.975 0.710938 0.975 0.707812 0.973437 0.707812 0.971875 0.70625
0 0.0375 0.89375 0.0359375 0.895312 0.0328125 0.895312 0.0328125 0.90625 0.03125 0.907812 0.03125 0.914062 0.0328125 0.915625 0.0359375 0.915625 0.0359375 0.9125 0.0375 0.910937 0.0375 0.909375 0.040625 0.90625 0.040625 0.904688 0.0421875 0.903125 0.0421875 0.895312 0.040625 0.895312 0.0390625 0.89375
0 0 0.125 0 0.14375 0.0015625 0.14375 0.003125 0.142188 0.003125 0.140625 0.0046875 0.139062 0.0046875 0.134375 0.009375 0.129688 0.009375 0.126563 0.0078125 0.125
0 0.703125 0.389062 0.701563 0.390625 0.701563 0.39375 0.703125 0.395312 0.7 0.398438 0.698438 0.398438 0.695312 0.401563 0.695312 0.404687 0.692187 0.407813 0.689062 0.407813 0.689062 0.423438 0.690625 0.423438 0.695312 0.41875 0.695312 0.417188 0.696875 0.415625 0.696875 0.410937 0.698438 0.409375 0.701563 0.409375 0.703125 0.407813 0.703125 0.398438 0.704687 0.396875 0.707812 0.396875 0.707812 0.395312 0.704687 0.392188 0.704687 0.390625
0 0.376563 0.951563 0.376563 0.9625 0.375 0.964063 0.375 0.984375 0.376563 0.985937 0.379687 0.985937 0.382812 0.982813 0.382812 0.976562 0.384375 0.975 0.384375 0.951563
0 0.814062 0.939062 0.814062 0.965625 0.815625 0.965625 0.815625 0.95 0.817187 0.948438 0.817187 0.946875 0.821875 0.942187 0.821875 0.939062
0 0.8625 0.75625 0.857813 0.760938 0.857813 0.7625 0.85625 0.764063 0.857813 0.765625 0.857813 0.767187 0.859375 0.767187 0.860937 0.765625 0.860937 0.7625 0.864062 0.759375 0.865625 0.759375 0.865625 0.757812 0.864062 0.75625
0 0.573438 0.0078125 0.571875 0.009375 0.570312 0.009375 0.570312 0.0125 0.56875 0.0140625 0.56875 0.015625 0.570312 0.0171875 0.570312 0.01875 0.576563 0.01875 0.579687 0.015625 0.579687 0.009375 0.578125 0.0078125
0 0.0109375 0.68125 0.009375 0.682813 0.0078125 0.682813 0.0078125 0.684375 0.00625 0.685938 0.00625 0.696875 0.0078125 0.698438 0.009375 0.698438 0.0125 0.695312 0.0125 0.69375 0.0171875 0.689062 0.0171875 0.682813 0.015625 0.68125
0 0.557813 0.00625 0.55625 0.0078125 0.55625 0.009375 0.557813 0.0109375 0.559375 0.0109375 0.560938 0.009375 0.560938 0.0078125 0.559375 0.00625
0 0.996875 0.9375 0.99375 0.940625 0.99375 0.967188 0.995313 0.96875 0.995313 0.971875 0.998438 0.971875 0.998438 0.9375
0 0.707812 0.925 0.70625 0.926562 0.703125 0.926562 0.701563 0.928125 0.701563 0.93125 0.7 0.932813 0.7 0.9375 0.695312 0.942187 0.695312 0.94375 0.69375 0.945312 0.69375 0.957812 0.695312 0.959375 0.695312 0.960938 0.696875 0.960938 0.696875 0.959375 0.698438 0.957812 0.698438 0.953125 0.7 0.951563 0.7 0.95 0.701563 0.948438 0.701563 0.946875 0.703125 0.945312 0.703125 0.942187 0.704687 0.940625 0.704687 0.939062 0.709375 0.934375 0.709375 0.93125 0.710938 0.929688 0.710938 0.926562 0.709375 0.926562
0 0.389062 0.851562 0.389062 0.859375 0.390625 0.859375 0.390625 0.851562
0 0.276563 0.45 0.275 0.451562 0.275 0.454688 0.273438 0.45625 0.273438 0.459375 0.271875 0.460938 0.270312 0.460938 0.270312 0.4625 0.26875 0.464063 0.26875 0.478125 0.270312 0.479688 0.271875 0.479688 0.273438 0.478125 0.273438 0.475 0.275 0.473437 0.275 0.471875 0.278125 0.46875 0.278125 0.467187 0.279687 0.465625 0.279687 0.459375 0.28125 0.457812 0.28125 0.45625 0.282813 0.454688 0.284375 0.454688 0.284375 0.451562 0.282813 0.45
0 0.0703125 0.00625 0.06875 0.0078125 0.06875 0.015625 0.0703125 0.0171875 0.071875 0.0171875 0.0734375 0.015625 0.0734375 0.0078125 0.071875 0.00625
0 0.0875 0.8625 0.0859375 0.864062 0.084375 0.864062 0.0828125 0.865625 0.0828125 0.867188 0.08125 0.86875 0.08125 0.884375 0.0828125 0.885938 0.084375 0.885938 0.0921875 0.878125 0.0921875 0.867188 0.09375 0.865625 0.090625 0.8625
0 0.932813 0.78125 0.93125 0.782812 0.926562 0.782812 0.926562 0.785937 0.925 0.7875 0.925 0.792188 0.923437 0.79375 0.923437 0.795313 0.921875 0.796875 0.921875 0.80625 0.925 0.803125 0.928125 0.803125 0.928125 0.796875 0.929688 0.795313 0.929688 0.790625 0.934375 0.785937 0.934375 0.782812
0 0.0953125 0.375 0.09375 0.376563 0.09375 0.453125 0.0953125 0.454688 0.096875 0.454688 0.0984375 0.453125 0.0984375 0.376563 0.096875 0.375
0 0.976562 0.557813 0.976562 0.564062 0.975 0.565625 0.975 0.595312 0.976562 0.596875 0.976562 0.6 0.978125 0.6 0.978125 0.596875 0.979688 0.595312 0.979688 0.565625 0.98125 0.564062 0.98125 0.5625 0.984375 0.559375 0.982813 0.557813
0 0.882812 0.321875 0.882812 0.326562 0.88125 0.328125 0.88125 0.340625 0.882812 0.342187 0.882812 0.34375 0.885938 0.346875 0.885938 0.348437 0.8875 0.35 0.8875 0.354688 0.889063 0.35625 0.889063 0.357812 0.892187 0.360938 0.892187 0.3625 0.89375 0.364062 0.89375 0.373437 0.895312 0.375 0.895312 0.378125 0.898438 0.38125 0.898438 0.384375 0.9 0.385938 0.9 0.396875 0.901563 0.398438 0.901563 0.401563 0.903125 0.403125 0.90625 0.403125 0.907812 0.404687 0.909375 0.403125 0.910937 0.403125 0.910937 0.389062 0.909375 0.3875 0.909375 0.385938 0.907812 0.384375 0.907812 0.382812 0.90625 0.38125 0.90625 0.379687 0.904688 0.378125 0.904688 0.36875 0.903125 0.367188 0.903125 0.365625 0.9 0.3625 0.9 0.359375 0.898438 0.357812 0.898438 0.35 0.896875 0.348437 0.896875 0.345313 0.895312 0.34375 0.895312 0.342187 0.89375 0.340625 0.89375 0.3375 0.892187 0.335938 0.892187 0.328125 0.890625 0.326562 0.890625 0.325 0.889063 0.325 0.885938 0.321875
0 0.551562 0.8375 0.55 0.839063 0.55 0.845312 0.548437 0.846875 0.548437 0.848437 0.545313 0.851562 0.545313 0.854688 0.54375 0.85625 0.54375 0.878125 0.545313 0.879687 0.546875 0.879687 0.548437 0.878125 0.548437 0.876562 0.55 0.875 0.55 0.871875 0.553125 0.86875 0.553125 0.867188 0.554688 0.865625 0.554688 0.84375 0.55625 0.842188 0.55625 0.839063 0.554688 0.839063 0.553125 0.8375
0 0.532812 0.151562 0.532812 0.15625 0.53125 0.157813 0.53125 0.159375 0.529688 0.160938 0.528125 0.160938 0.520312 0.16875 0.520312 0.173438 0.521875 0.175 0.523438 0.173438 0.525 0.173438 0.526563 0.171875 0.526563 0.170312 0.528125 0.16875 0.528125 0.167187 0.529688 0.165625 0.529688 0.1625 0.532812 0.159375 0.534375 0.159375 0.535937 0.157813 0.535937 0.15625 0.539062 0.153125 0.540625 0.153125 0.539062 0.151562
0 0.31875 0.770312 0.314063 0.775 0.314063 0.776563 0.3125 0.778125 0.3125 0.796875 0.314063 0.798437 0.317187 0.798437 0.321875 0.79375 0.321875 0.790625 0.323438 0.789062 0.323438 0.78125 0.328125 0.776563 0.328125 0.770312
0 0 0.03125 0 0.040625 0.003125 0.040625 0.009375 0.034375 0.009375 0.0328125 0.0078125 0.03125
0 0.945312 0.965625 0.945312 0.967188 0.94375 0.96875 0.94375 0.978125 0.945312 0.979688 0.946875 0.979688 0.948438 0.978125 0.948438 0.975 0.95 0.973437 0.95 0.965625
0 0.996875 0.00625 0.995313 0.0078125 0.995313 0.009375 0.996875 0.0109375 0.998438 0.0109375 0.998438 0.00625
0
0 0.0078125 0.2625 0.00625 0.264062 0.00625 0.265625 0.0078125 0.267188 0.0078125 0.270312 0.009375 0.270312 0.009375 0.26875 0.0109375 0.267188 0.0109375 0.264062 0.009375 0.2625
0 0.614062 0.0515625 0.6125 0.053125 0.6125 0.05625 0.610937 0.0578125 0.610937 0.059375 0.607813 0.0625 0.607813 0.075 0.609375 0.075 0.609375 0.071875 0.610937 0.0703125 0.610937 0.06875 0.6125 0.0671875 0.614062 0.0671875 0.615625 0.065625 0.615625 0.0640625 0.617188 0.0625 0.617188 0.059375 0.621875 0.0546875 0.621875 0.0515625
0 0.507812 0.989062 0.507812 0.998438 0.5125 0.998438 0.5125 0.992188 0.514063 0.990625 0.5125 0.989062
0 0.451562 0.79375 0.45 0.795313 0.45 0.823438 0.451562 0.825 0.451562 0.826563 0.453125 0.826563 0.453125 0.825 0.454688 0.823438 0.454688 0.795313 0.453125 0.79375
0 0.996875 0.89375 0.99375 0.896875 0.99375 0.915625 0.995313 0.917188 0.995313 0.91875 0.998438 0.91875 0.998438 0.89375
0 0.532812 0.621875 0.532812 0.625 0.53125 0.626562 0.53125 0.632812 0.532812 0.634375 0.532812 0.635938 0.534375 0.635938 0.534375 0.634375 0.535937 0.632812 0.535937 0.625 0.534375 0.623438 0.534375 0.621875
0 0.689062 0.93125 0.6875 0.932813 0.6875 0.946875 0.689062 0.948438 0.689062 0.95 0.690625 0.95 0.690625 0.948438 0.692187 0.946875 0.692187 0.932813 0.690625 0.93125
0 0.864062 0.257812 0.8625 0.259375 0.8625 0.276563 0.864062 0.278125 0.864062 0.279687 0.86875 0.284375 0.86875 0.289062 0.870313 0.290625 0.870313 0.295312 0.871875 0.296875 0.875 0.29375 0.875 0.282813 0.873438 0.28125 0.873438 0.276563 0.871875 0.275 0.871875 0.265625 0.86875 0.2625 0.86875 0.260938 0.867188 0.259375 0.867188 0.257812
0 0.723437 0.58125 0.721875 0.582812 0.720312 0.582812 0.720312 0.584375 0.71875 0.585938 0.71875 0.590625 0.715625 0.59375 0.714063 0.59375 0.7125 0.595312 0.7125 0.601562 0.710938 0.603125 0.710938 0.604688 0.70625 0.609375 0.70625 0.617188 0.709375 0.617188 0.710938 0.615625 0.710938 0.614062 0.717188 0.607813 0.717188 0.604688 0.721875 0.6 0.721875 0.598437 0.723437 0.596875 0.723437 0.595312 0.729688 0.589063 0.729688 0.582812 0.728125 0.58125
0 0.657812 0.995313 0.65625 0.996875 0.65625 0.998438 0.660937 0.998438 0.660937 0.996875 0.659375 0.995313
0 0.751562 0.99375 0.75 0.995313 0.75 0.998438 0.754687 0.998438 0.754687 0.995313 0.753125 0.99375
0 0.898438 0.275 0.896875 0.276563 0.895312 0.276563 0.89375 0.278125 0.89375 0.279687 0.892187 0.28125 0.892187 0.282813 0.890625 0.284375 0.890625 0.285937 0.889063 0.2875 0.889063 0.290625 0.890625 0.292188 0.892187 0.290625 0.892187 0.289062 0.89375 0.2875 0.895312 0.2875 0.896875 0.285937 0.898438 0.285937 0.9 0.284375 0.9 0.282813 0.901563 0.28125 0.903125 0.28125 0.904688 0.279687 0.904688 0.276563 0.903125 0.275
0 0.721875 0.5125 0.71875 0.515625 0.71875 0.540625 0.720312 0.542188 0.720312 0.546875 0.71875 0.548437 0.71875 0.559375 0.720312 0.560938 0.723437 0.560938 0.725 0.559375 0.728125 0.559375 0.728125 0.554688 0.726562 0.553125 0.726562 0.540625 0.725 0.539062 0.725 0.529688 0.726562 0.528125 0.726562 0.515625 0.725 0.514063 0.723437 0.514063
