0 0.384375 0.1 0.38125 0.103125 0.38125 0.104687 0.375 0.110937 0.375 0.1125 0.370313 0.117188 0.370313 0.11875 0.36875 0.120312 0.36875 0.121875 0.370313 0.123438 0.370313 0.125 0.371875 0.125 0.373437 0.123438 0.375 0.123438 0.378125 0.120312 0.378125 0.11875 0.379687 0.117188 0.379687 0.115625 0.385938 0.109375 0.385938 0.107813 0.389062 0.104687 0.390625 0.104687 0.392188 0.103125 0.392188 0.101562 0.390625 0.1
0 0.389062 0.325 0.3875 0.326562 0.385938 0.326562 0.382812 0.329688 0.382812 0.33125 0.38125 0.332812 0.38125 0.334375 0.378125 0.3375 0.376563 0.3375 0.375 0.339063 0.375 0.342187 0.376563 0.34375 0.376563 0.345313 0.378125 0.345313 0.385938 0.3375 0.385938 0.335938 0.392188 0.329688 0.392188 0.326562 0.390625 0.325
0 0.201562 0.81875 0.198437 0.821875 0.198437 0.823438 0.196875 0.825 0.195312 0.825 0.195312 0.826563 0.19375 0.828125 0.19375 0.83125 0.192188 0.832812 0.192188 0.834375 0.1875 0.839063 0.1875 0.842188 0.182812 0.846875 0.182812 0.85 0.18125 0.851562 0.182812 0.853125 0.184375 0.853125 0.185937 0.851562 0.185937 0.85 0.189063 0.846875 0.190625 0.846875 0.190625 0.84375 0.192188 0.842188 0.192188 0.8375 0.19375 0.835938 0.196875 0.835938 0.196875 0.834375 0.198437 0.832812 0.198437 0.829687 0.2 0.828125 0.2 0.826563 0.201562 0.825 0.203125 0.825 0.203125 0.823438 0.204688 0.821875 0.204688 0.820312 0.203125 0.81875
0 0.432813 0.3125 0.43125 0.314063 0.43125 0.315625 0.426562 0.320312 0.426562 0.321875 0.425 0.323438 0.425 0.328125 0.41875 0.334375 0.41875 0.342187 0.420312 0.34375 0.420312 0.345313 0.421875 0.345313 0.425 0.342187 0.425 0.340625 0.428125 0.3375 0.428125 0.335938 0.429688 0.334375 0.429688 0.33125 0.43125 0.329688 0.43125 0.328125 0.434375 0.325 0.434375 0.323438 0.435937 0.321875 0.435937 0.317187 0.4375 0.315625 0.434375 0.3125
0 0.81875 0.1 0.817187 0.101562 0.814062 0.101562 0.814062 0.104687 0.8125 0.10625 0.8125 0.109375 0.809375 0.1125 0.807813 0.1125 0.80625 0.114063 0.80625 0.121875 0.807813 0.123438 0.809375 0.123438 0.810938 0.121875 0.810938 0.120312 0.814062 0.117188 0.815625 0.117188 0.815625 0.115625 0.817187 0.114063 0.817187 0.1125 0.81875 0.110937 0.81875 0.109375 0.821875 0.10625 0.821875 0.104687 0.823438 0.103125 0.823438 0.101562 0.821875 0.1
0 0.745313 0.21875 0.739062 0.225 0.7375 0.225 0.735937 0.226562 0.735937 0.228125 0.73125 0.232812 0.73125 0.234375 0.732813 0.235938 0.734375 0.235938 0.739062 0.23125 0.740625 0.23125 0.742188 0.229687 0.742188 0.228125 0.748438 0.221875 0.748438 0.220313 0.746875 0.21875
0 0.973437 0.1125 0.971875 0.114063 0.970312 0.114063 0.970312 0.115625 0.96875 0.117188 0.96875 0.121875 0.965625 0.125 0.964063 0.125 0.964063 0.126563 0.9625 0.128125 0.964063 0.129688 0.964063 0.132812 0.965625 0.132812 0.971875 0.126563 0.971875 0.125 0.973437 0.123438 0.973437 0.121875 0.979688 0.115625 0.979688 0.114063 0.978125 0.1125
0 0.670313 0.2 0.66875 0.201562 0.667188 0.201562 0.667188 0.203125 0.665625 0.204688 0.664062 0.204688 0.664062 0.20625 0.6625 0.207813 0.6625 0.209375 0.659375 0.2125 0.657812 0.2125 0.657812 0.214062 0.65625 0.215625 0.65625 0.223438 0.657812 0.225 0.657812 0.226562 0.659375 0.226562 0.660937 0.225 0.660937 0.223438 0.665625 0.21875 0.665625 0.217187 0.667188 0.215625 0.667188 0.214062 0.670313 0.210938 0.671875 0.210938 0.671875 0.209375 0.673437 0.207813 0.673437 0.20625 0.676562 0.203125 0.676562 0.201562 0.675 0.201562 0.673437 0.2
0 0.628125 0.35 0.625 0.353125 0.625 0.35625 0.623438 0.357812 0.623438 0.359375 0.61875 0.364062 0.61875 0.371875 0.620313 0.373437 0.621875 0.373437 0.623438 0.371875 0.623438 0.370313 0.629687 0.364062 0.629687 0.360938 0.63125 0.359375 0.63125 0.357812 0.632812 0.35625 0.634375 0.35625 0.634375 0.354688 0.635938 0.353125 0.635938 0.351562 0.634375 0.35
0 0.526563 0.175 0.525 0.176563 0.525 0.178125 0.521875 0.18125 0.520312 0.18125 0.51875 0.182812 0.51875 0.184375 0.515625 0.1875 0.514063 0.1875 0.5125 0.189063 0.5125 0.196875 0.514063 0.198437 0.515625 0.198437 0.517187 0.196875 0.517187 0.195312 0.523438 0.189063 0.523438 0.1875 0.529688 0.18125 0.529688 0.179688 0.53125 0.178125 0.528125 0.175
0 0.839063 0.0125 0.8375 0.0140625 0.8375 0.015625 0.834375 0.01875 0.832812 0.01875 0.83125 0.0203125 0.83125 0.021875 0.828125 0.025 0.821875 0.025 0.81875 0.028125 0.81875 0.034375 0.820312 0.0359375 0.821875 0.0359375 0.828125 0.0296875 0.829687 0.0296875 0.83125 0.028125 0.832812 0.028125 0.835938 0.025 0.8375 0.025 0.839063 0.0234375 0.840625 0.0234375 0.842188 0.021875 0.842188 0.0203125 0.845312 0.0171875 0.846875 0.0171875 0.848437 0.015625 0.848437 0.0140625 0.846875 0.0125
0 0.684375 0.2875 0.68125 0.290625 0.68125 0.295312 0.675 0.301562 0.675 0.309375 0.676562 0.310937 0.678125 0.310937 0.679688 0.309375 0.679688 0.307813 0.68125 0.30625 0.68125 0.304688 0.682813 0.303125 0.684375 0.303125 0.684375 0.301562 0.685938 0.3 0.685938 0.296875 0.692187 0.290625 0.692187 0.289062 0.690625 0.2875
0 0.582812 0.13125 0.58125 0.132812 0.58125 0.134375 0.579687 0.135937 0.579687 0.1375 0.576563 0.140625 0.576563 0.142188 0.573438 0.145313 0.573438 0.146875 0.56875 0.151562 0.56875 0.154687 0.570312 0.15625 0.570312 0.159375 0.571875 0.159375 0.579687 0.151562 0.579687 0.15 0.584375 0.145313 0.584375 0.14375 0.585938 0.142188 0.585938 0.139062 0.589063 0.135937 0.590625 0.135937 0.590625 0.132812 0.589063 0.13125
0 0.2625 0.04375 0.260938 0.0453125 0.257812 0.0453125 0.257812 0.046875 0.253125 0.0515625 0.251563 0.0515625 0.251563 0.053125 0.248437 0.05625 0.246875 0.05625 0.24375 0.059375 0.24375 0.0609375 0.242188 0.0625 0.240625 0.0625 0.2375 0.065625 0.239063 0.0671875 0.239063 0.0703125 0.240625 0.0703125 0.245312 0.065625 0.246875 0.065625 0.248437 0.0640625 0.248437 0.0625 0.25 0.0609375 0.251563 0.0609375 0.253125 0.059375 0.254687 0.059375 0.259375 0.0546875 0.260938 0.0546875 0.2625 0.053125 0.264062 0.053125 0.267188 0.05 0.267188 0.0484375 0.26875 0.046875 0.26875 0.0453125 0.267188 0.0453125 0.265625 0.04375
0 0.401563 0.1125 0.39375 0.120312 0.39375 0.123438 0.395312 0.125 0.395312 0.126563 0.396875 0.126563 0.4 0.123438 0.401563 0.123438 0.409375 0.115625 0.409375 0.114063 0.407813 0.1125
0 0.901563 0.73125 0.89375 0.739062 0.89375 0.746875 0.892187 0.748438 0.892187 0.751562 0.889063 0.754687 0.889063 0.75625 0.8875 0.757812 0.8875 0.759375 0.889063 0.760938 0.889063 0.7625 0.890625 0.7625 0.890625 0.760938 0.892187 0.759375 0.892187 0.75625 0.89375 0.754687 0.895312 0.754687 0.898438 0.751562 0.898438 0.745313 0.904688 0.739062 0.904688 0.732813 0.903125 0.73125
0 0.314063 0.575 0.3125 0.576563 0.3125 0.578125 0.310937 0.579687 0.310937 0.58125 0.307813 0.584375 0.307813 0.585938 0.30625 0.5875 0.30625 0.590625 0.301562 0.595312 0.301562 0.596875 0.3 0.598437 0.3 0.609375 0.301562 0.610937 0.303125 0.610937 0.304688 0.609375 0.304688 0.60625 0.30625 0.604688 0.30625 0.603125 0.309375 0.6 0.309375 0.598437 0.310937 0.596875 0.310937 0.592188 0.3125 0.590625 0.3125 0.589063 0.317187 0.584375 0.317187 0.58125 0.31875 0.579687 0.31875 0.576563 0.317187 0.576563 0.315625 0.575
0 0.109375 0.55625 0.104687 0.560938 0.104687 0.5625 0.103125 0.564062 0.101562 0.564062 0.101562 0.565625 0.096875 0.570312 0.096875 0.573438 0.0953125 0.575 0.0953125 0.576563 0.096875 0.576563 0.096875 0.575 0.0984375 0.573438 0.101562 0.573438 0.104687 0.570312 0.104687 0.56875 0.10625 0.567187 0.107813 0.567187 0.115625 0.559375 0.115625 0.557813 0.114063 0.55625
0 0.614062 0.33125 0.60625 0.339063 0.60625 0.34375 0.604688 0.345313 0.604688 0.346875 0.6 0.351562 0.6 0.364062 0.601562 0.365625 0.603125 0.365625 0.604688 0.364062 0.604688 0.357812 0.607813 0.354688 0.609375 0.354688 0.609375 0.353125 0.610937 0.351562 0.610937 0.346875 0.617188 0.340625 0.617188 0.3375 0.61875 0.335938 0.61875 0.332812 0.617188 0.33125
0 0.239063 0.91875 0.23125 0.926562 0.23125 0.932813 0.229687 0.934375 0.229687 0.935938 0.228125 0.9375 0.226562 0.9375 0.226562 0.939062 0.225 0.940625 0.225 0.942187 0.220313 0.946875 0.220313 0.95 0.21875 0.951563 0.220313 0.953125 0.221875 0.953125 0.229687 0.945312 0.229687 0.942187 0.23125 0.940625 0.23125 0.939062 0.232812 0.9375 0.234375 0.9375 0.234375 0.935938 0.235938 0.934375 0.235938 0.932813 0.242188 0.926562 0.242188 0.923437 0.24375 0.921875 0.24375 0.920313 0.242188 0.920313 0.240625 0.91875
0 0.80625 0.375 0.803125 0.378125 0.801562 0.378125 0.801562 0.379687 0.8 0.38125 0.8 0.384375 0.796875 0.3875 0.795313 0.3875 0.79375 0.389062 0.79375 0.396875 0.795313 0.398438 0.796875 0.398438 0.804688 0.390625 0.804688 0.389062 0.810938 0.382812 0.810938 0.38125 0.8125 0.379687 0.8125 0.376563 0.810938 0.376563 0.809375 0.375
0 0.857813 0.13125 0.85625 0.132812 0.85625 0.134375 0.85 0.140625 0.85 0.142188 0.848437 0.14375 0.848437 0.145313 0.84375 0.15 0.84375 0.154687 0.845312 0.15625 0.845312 0.157813 0.846875 0.157813 0.85 0.154687 0.851562 0.154687 0.854688 0.151562 0.854688 0.15 0.85625 0.148438 0.85625 0.146875 0.859375 0.14375 0.859375 0.142188 0.860937 0.140625 0.860937 0.139062 0.864062 0.135937 0.865625 0.135937 0.867188 0.134375 0.867188 0.132812 0.865625 0.13125
0 0.910937 0.35 0.909375 0.351562 0.907812 0.351562 0.907812 0.353125 0.90625 0.354688 0.90625 0.357812 0.9 0.364062 0.9 0.365625 0.898438 0.367188 0.898438 0.36875 0.895312 0.371875 0.895312 0.373437 0.89375 0.375 0.89375 0.38125 0.895312 0.382812 0.895312 0.384375 0.896875 0.384375 0.896875 0.382812 0.898438 0.38125 0.898438 0.379687 0.9 0.378125 0.9 0.376563 0.904688 0.371875 0.904688 0.370313 0.910937 0.364062 0.910937 0.3625 0.9125 0.360938 0.9125 0.359375 0.917188 0.354688 0.917188 0.351562 0.915625 0.35
0 0.8625 0.389062 0.859375 0.392188 0.857813 0.392188 0.857813 0.39375 0.853125 0.398438 0.851562 0.398438 0.85 0.4 0.846875 0.4 0.84375 0.403125 0.84375 0.410937 0.845312 0.4125 0.845312 0.414062 0.846875 0.414062 0.848437 0.4125 0.85 0.4125 0.854688 0.407813 0.854688 0.401563 0.859375 0.396875 0.859375 0.395312 0.860937 0.39375 0.860937 0.392188 0.8625 0.390625 0.865625 0.390625 0.865625 0.389062
0 0.684375 0.4375 0.68125 0.440625 0.68125 0.446875 0.678125 0.45 0.676562 0.45 0.675 0.451562 0.675 0.465625 0.676562 0.467187 0.678125 0.467187 0.679688 0.465625 0.679688 0.459375 0.68125 0.457812 0.68125 0.45625 0.684375 0.453125 0.684375 0.451562 0.685938 0.45 0.685938 0.446875 0.692187 0.440625 0.692187 0.439063 0.690625 0.4375
0 0.15625 0.40625 0.154687 0.407813 0.153125 0.407813 0.15 0.410937 0.15 0.4125 0.14375 0.41875 0.14375 0.420312 0.13125 0.432813 0.13125 0.434375 0.132812 0.435937 0.132812 0.4375 0.135937 0.4375 0.1375 0.435937 0.140625 0.435937 0.140625 0.434375 0.154687 0.420312 0.154687 0.41875 0.15625 0.417188 0.15625 0.415625 0.159375 0.4125 0.159375 0.410937 0.160938 0.409375 0.160938 0.407813 0.159375 0.40625
0 0.332812 0.34375 0.33125 0.345313 0.33125 0.346875 0.326562 0.351562 0.326562 0.354688 0.325 0.35625 0.325 0.359375 0.321875 0.3625 0.320312 0.3625 0.320312 0.364062 0.31875 0.365625 0.31875 0.36875 0.320312 0.370313 0.320312 0.371875 0.321875 0.371875 0.323438 0.370313 0.323438 0.36875 0.329688 0.3625 0.329688 0.359375 0.335938 0.353125 0.335938 0.351562 0.340625 0.346875 0.340625 0.345313 0.339063 0.345313 0.3375 0.34375
0 0.532812 0.38125 0.53125 0.382812 0.53125 0.384375 0.529688 0.385938 0.529688 0.3875 0.526563 0.390625 0.526563 0.392188 0.525 0.39375 0.525 0.407813 0.526563 0.409375 0.526563 0.410937 0.528125 0.410937 0.528125 0.409375 0.529688 0.407813 0.529688 0.401563 0.53125 0.4 0.53125 0.398438 0.532812 0.396875 0.534375 0.396875 0.534375 0.39375 0.535937 0.392188 0.535937 0.385938 0.5375 0.384375 0.534375 0.38125
0 0.689062 0.125 0.6875 0.126563 0.6875 0.128125 0.68125 0.134375 0.68125 0.135937 0.676562 0.140625 0.676562 0.142188 0.675 0.14375 0.675 0.151562 0.676562 0.153125 0.678125 0.153125 0.685938 0.145313 0.685938 0.139062 0.689062 0.135937 0.690625 0.135937 0.692187 0.134375 0.692187 0.13125 0.69375 0.129688 0.69375 0.126563 0.692187 0.125
0 0.282813 0.50625 0.28125 0.507812 0.28125 0.509375 0.279687 0.510938 0.279687 0.5125 0.276563 0.515625 0.276563 0.517187 0.275 0.51875 0.275 0.520312 0.26875 0.526563 0.26875 0.532812 0.271875 0.535937 0.273438 0.534375 0.273438 0.532812 0.276563 0.529688 0.278125 0.529688 0.279687 0.528125 0.279687 0.526563 0.284375 0.521875 0.284375 0.520312 0.285937 0.51875 0.285937 0.517187 0.290625 0.5125 0.290625 0.510938 0.292188 0.509375 0.292188 0.507812 0.290625 0.50625
0 0.751562 0.00625 0.74375 0.0140625 0.74375 0.015625 0.7375 0.021875 0.7375 0.0234375 0.732813 0.028125 0.732813 0.0296875 0.73125 0.03125 0.73125 0.0359375 0.732813 0.0375 0.732813 0.0390625 0.734375 0.0390625 0.735937 0.0375 0.7375 0.0375 0.739062 0.0359375 0.740625 0.0359375 0.742188 0.034375 0.742188 0.0328125 0.746875 0.028125 0.746875 0.0265625 0.748438 0.025 0.748438 0.021875 0.754687 0.015625 0.754687 0.0125 0.757812 0.009375 0.759375 0.009375 0.759375 0.0078125 0.75625 0.0078125 0.754687 0.00625
0 0.596875 0.01875 0.578125 0.0375 0.576563 0.0375 0.575 0.0390625 0.575 0.046875 0.576563 0.0484375 0.578125 0.0484375 0.584375 0.0421875 0.585938 0.0421875 0.5875 0.040625 0.5875 0.0390625 0.589063 0.0375 0.590625 0.0375 0.604688 0.0234375 0.604688 0.0203125 0.603125 0.01875
0 0.965625 0.525 0.9625 0.528125 0.9625 0.535937 0.960938 0.5375 0.960938 0.540625 0.957812 0.54375 0.957812 0.545313 0.95625 0.546875 0.95625 0.553125 0.957812 0.554688 0.959375 0.554688 0.960938 0.553125 0.9625 0.553125 0.965625 0.55 0.965625 0.548437 0.967188 0.546875 0.967188 0.539062 0.96875 0.5375 0.96875 0.535937 0.971875 0.532812 0.971875 0.53125 0.973437 0.529688 0.973437 0.526563 0.971875 0.525
0 0.123438 0.751562 0.121875 0.753125 0.120312 0.753125 0.120312 0.75625 0.11875 0.757812 0.11875 0.765625 0.120312 0.767187 0.123438 0.764063 0.123438 0.75625 0.125 0.754687 0.126563 0.754687 0.128125 0.753125 0.128125 0.751562
0 0.445312 0.01875 0.425 0.0390625 0.425 0.0421875 0.428125 0.0453125 0.4375 0.0359375 0.439063 0.0359375 0.448438 0.0265625 0.448438 0.025 0.451562 0.021875 0.451562 0.0203125 0.45 0.0203125 0.448438 0.01875
0 0.464063 0.1875 0.4625 0.189063 0.460938 0.189063 0.457812 0.192188 0.457812 0.19375 0.45625 0.195312 0.45625 0.196875 0.453125 0.2 0.451562 0.2 0.45 0.201562 0.45 0.203125 0.44375 0.209375 0.445312 0.210938 0.445312 0.215625 0.446875 0.215625 0.446875 0.214062 0.45 0.210938 0.451562 0.210938 0.465625 0.196875 0.465625 0.195312 0.467187 0.19375 0.467187 0.189063 0.465625 0.1875
0 0.0078125 0.41875 0.00625 0.420312 0.00625 0.421875 0.0015625 0.426562 0 0.426562 0 0.435937 0.003125 0.435937 0.0046875 0.434375 0.0046875 0.432813 0.0078125 0.429688 0.009375 0.429688 0.0109375 0.428125 0.0109375 0.426562 0.0140625 0.423438 0.015625 0.423438 0.0171875 0.421875 0.0140625 0.41875
0 0.315625 0.15625 0.309375 0.1625 0.307813 0.1625 0.30625 0.164062 0.304688 0.164062 0.303125 0.165625 0.303125 0.167187 0.301562 0.16875 0.301562 0.171875 0.30625 0.171875 0.307813 0.170312 0.309375 0.170312 0.3125 0.167187 0.315625 0.167187 0.321875 0.160938 0.323438 0.160938 0.325 0.159375 0.326562 0.159375 0.326562 0.157813 0.325 0.157813 0.323438 0.15625
0 0.470313 0.2375 0.46875 0.239063 0.46875 0.240625 0.465625 0.24375 0.464063 0.24375 0.4625 0.245312 0.4625 0.246875 0.459375 0.25 0.457812 0.25 0.45625 0.251563 0.45625 0.253125 0.453125 0.25625 0.451562 0.25625 0.45 0.257812 0.45 0.264062 0.451562 0.265625 0.453125 0.265625 0.454688 0.264062 0.454688 0.2625 0.464063 0.253125 0.465625 0.253125 0.467187 0.251563 0.467187 0.25 0.46875 0.248437 0.470313 0.248437 0.473437 0.245312 0.473437 0.24375 0.475 0.242188 0.476562 0.242188 0.478125 0.240625 0.478125 0.239063 0.476562 0.239063 0.475 0.2375
0 0.44375 0.85 0.442187 0.851562 0.439063 0.851562 0.439063 0.853125 0.4375 0.854688 0.4375 0.859375 0.43125 0.865625 0.43125 0.875 0.432813 0.876562 0.432813 0.878125 0.434375 0.878125 0.435937 0.876562 0.435937 0.873438 0.4375 0.871875 0.4375 0.870313 0.440625 0.867188 0.440625 0.865625 0.442187 0.864062 0.442187 0.860937 0.44375 0.859375 0.44375 0.857813 0.448438 0.853125 0.448438 0.851562 0.446875 0.85
0 0.389062 0.16875 0.38125 0.176563 0.38125 0.178125 0.378125 0.18125 0.376563 0.18125 0.375 0.182812 0.375 0.184375 0.378125 0.1875 0.38125 0.184375 0.382812 0.184375 0.3875 0.179688 0.389062 0.179688 0.396875 0.171875 0.396875 0.170312 0.395312 0.170312 0.39375 0.16875
0 0.620313 0.44375 0.617188 0.446875 0.617188 0.448438 0.615625 0.45 0.614062 0.45 0.614062 0.451562 0.6125 0.453125 0.6125 0.457812 0.610937 0.459375 0.610937 0.460938 0.607813 0.464063 0.607813 0.465625 0.60625 0.467187 0.60625 0.471875 0.607813 0.473437 0.609375 0.473437 0.610937 0.471875 0.610937 0.470313 0.614062 0.467187 0.615625 0.467187 0.617188 0.465625 0.617188 0.459375 0.623438 0.453125 0.623438 0.45 0.626562 0.446875 0.623438 0.44375
0 0.165625 0.725 0.1625 0.728125 0.1625 0.73125 0.160938 0.732813 0.160938 0.734375 0.15625 0.739062 0.15625 0.751562 0.157813 0.753125 0.159375 0.753125 0.1625 0.75 0.1625 0.748438 0.165625 0.745313 0.165625 0.74375 0.167187 0.742188 0.167187 0.7375 0.16875 0.735937 0.16875 0.732813 0.173438 0.728125 0.173438 0.726562 0.171875 0.725
0 0.714063 0.29375 0.7125 0.295312 0.7125 0.3 0.710938 0.301562 0.710938 0.303125 0.70625 0.307813 0.70625 0.315625 0.707812 0.317187 0.709375 0.317187 0.710938 0.315625 0.710938 0.3125 0.715625 0.307813 0.715625 0.30625 0.717188 0.304688 0.717188 0.301562 0.720312 0.298438 0.721875 0.298438 0.723437 0.296875 0.723437 0.295312 0.721875 0.29375
0 0.151562 0.525 0.15 0.526563 0.15 0.528125 0.146875 0.53125 0.145313 0.53125 0.14375 0.532812 0.14375 0.535937 0.139062 0.540625 0.139062 0.542188 0.1375 0.54375 0.1375 0.548437 0.139062 0.55 0.139062 0.553125 0.140625 0.553125 0.140625 0.551562 0.14375 0.548437 0.14375 0.546875 0.146875 0.54375 0.146875 0.542188 0.148438 0.540625 0.148438 0.539062 0.154687 0.532812 0.154687 0.53125 0.157813 0.528125 0.157813 0.526563 0.15625 0.526563 0.154687 0.525
0 0.459375 0.1125 0.451562 0.120312 0.451562 0.134375 0.453125 0.134375 0.453125 0.132812 0.454688 0.13125 0.454688 0.129688 0.459375 0.125 0.459375 0.121875 0.465625 0.115625 0.465625 0.114063 0.464063 0.114063 0.4625 0.1125
0 0.332812 0.4375 0.325 0.445312 0.325 0.446875 0.323438 0.448438 0.323438 0.45 0.320312 0.453125 0.320312 0.459375 0.321875 0.459375 0.323438 0.457812 0.323438 0.45625 0.326562 0.453125 0.328125 0.453125 0.328125 0.451562 0.329688 0.45 0.329688 0.448438 0.335938 0.442187 0.335938 0.439063 0.334375 0.4375
0 0.564062 0.44375 0.55625 0.451562 0.55625 0.457812 0.557813 0.459375 0.557813 0.460938 0.559375 0.460938 0.559375 0.459375 0.560938 0.457812 0.560938 0.45625 0.565625 0.451562 0.565625 0.45 0.567187 0.448438 0.567187 0.445312 0.565625 0.44375
0 0.895312 0.225 0.89375 0.226562 0.89375 0.228125 0.889063 0.232812 0.889063 0.234375 0.8875 0.235938 0.8875 0.2375 0.885938 0.239063 0.885938 0.242188 0.882812 0.245312 0.882812 0.248437 0.885938 0.248437 0.8875 0.246875 0.889063 0.246875 0.890625 0.245312 0.890625 0.24375 0.892187 0.242188 0.892187 0.239063 0.898438 0.232812 0.898438 0.23125 0.901563 0.228125 0.901563 0.226562 0.898438 0.226562 0.896875 0.225
0 0.2125 0.25625 0.210938 0.257812 0.207813 0.257812 0.207813 0.259375 0.20625 0.260938 0.204688 0.260938 0.203125 0.2625 0.201562 0.2625 0.2 0.264062 0.2 0.271875 0.201562 0.273438 0.203125 0.273438 0.209375 0.267188 0.2125 0.267188 0.21875 0.260938 0.220313 0.260938 0.221875 0.259375 0.223438 0.259375 0.223438 0.257812 0.221875 0.257812 0.220313 0.25625
0 0.601562 0.251563 0.59375 0.259375 0.59375 0.260938 0.592188 0.2625 0.592188 0.264062 0.589063 0.267188 0.589063 0.271875 0.590625 0.271875 0.592188 0.270312 0.592188 0.26875 0.59375 0.267188 0.596875 0.267188 0.598437 0.265625 0.598437 0.264062 0.601562 0.260938 0.603125 0.260938 0.604688 0.259375 0.604688 0.257812 0.609375 0.253125 0.609375 0.251563
0 0.689062 0.0390625 0.6875 0.040625 0.6875 0.0421875 0.68125 0.0484375 0.679688 0.0484375 0.678125 0.05 0.676562 0.05 0.676562 0.0515625 0.66875 0.059375 0.66875 0.065625 0.670313 0.0671875 0.670313 0.06875 0.671875 0.06875 0.673437 0.0671875 0.675 0.0671875 0.676562 0.065625 0.678125 0.065625 0.678125 0.0640625 0.684375 0.0578125 0.684375 0.05625 0.690625 0.05 0.690625 0.0484375 0.696875 0.0421875 0.696875 0.0390625
0 0.495313 0.08125 0.49375 0.0828125 0.492188 0.0828125 0.4875 0.0875 0.4875 0.0890625 0.475 0.101562 0.475 0.103125 0.476562 0.104687 0.476562 0.10625 0.478125 0.10625 0.479688 0.104687 0.48125 0.104687 0.482812 0.103125 0.484375 0.103125 0.484375 0.101562 0.495313 0.090625 0.496875 0.090625 0.496875 0.0890625 0.501562 0.084375 0.501562 0.0828125 0.5 0.0828125 0.498437 0.08125
0 0.239063 0.34375 0.2375 0.345313 0.2375 0.35 0.235938 0.351562 0.235938 0.353125 0.234375 0.354688 0.232812 0.354688 0.232812 0.35625 0.23125 0.357812 0.23125 0.360938 0.229687 0.3625 0.228125 0.3625 0.225 0.365625 0.225 0.371875 0.226562 0.373437 0.226562 0.375 0.228125 0.375 0.229687 0.373437 0.229687 0.370313 0.23125 0.36875 0.23125 0.365625 0.234375 0.3625 0.234375 0.360938 0.235938 0.359375 0.235938 0.357812 0.239063 0.354688 0.240625 0.354688 0.242188 0.353125 0.242188 0.35 0.24375 0.348437 0.24375 0.345313 0.242188 0.345313 0.240625 0.34375
0 0.395312 0.86875 0.39375 0.870313 0.392188 0.870313 0.392188 0.871875 0.390625 0.873438 0.389062 0.873438 0.389062 0.875 0.3875 0.876562 0.3875 0.890625 0.389062 0.892187 0.389062 0.89375 0.390625 0.89375 0.390625 0.892187 0.392188 0.890625 0.392188 0.885938 0.39375 0.884375 0.39375 0.882812 0.398438 0.878125 0.398438 0.870313 0.396875 0.86875
0 0.0640625 0.4875 0.0625 0.489062 0.0625 0.492188 0.0609375 0.49375 0.0609375 0.495313 0.0578125 0.498437 0.0578125 0.5 0.05625 0.501562 0.05625 0.503125 0.0515625 0.507812 0.0515625 0.509375 0.05 0.510938 0.05 0.515625 0.0515625 0.517187 0.0515625 0.51875 0.053125 0.51875 0.053125 0.517187 0.0546875 0.515625 0.0546875 0.514063 0.0578125 0.510938 0.059375 0.510938 0.059375 0.509375 0.0609375 0.507812 0.0609375 0.504687 0.0625 0.503125 0.0625 0.501562 0.0671875 0.496875 0.0671875 0.495313 0.071875 0.490625 0.071875 0.489062 0.0703125 0.489062 0.06875 0.4875
0 0.0765625 0.8875 0.071875 0.892187 0.0703125 0.892187 0.0671875 0.895312 0.065625 0.895312 0.065625 0.896875 0.0640625 0.898438 0.0640625 0.9 0.0625 0.901563 0.0625 0.903125 0.0640625 0.904688 0.065625 0.904688 0.071875 0.898438 0.0734375 0.898438 0.075 0.896875 0.0765625 0.896875 0.0828125 0.890625 0.0828125 0.889063 0.08125 0.889063 0.0796875 0.8875
0 0.251563 0.69375 0.25 0.695312 0.246875 0.695312 0.245312 0.696875 0.245312 0.7 0.24375 0.701563 0.245312 0.703125 0.245312 0.704687 0.248437 0.701563 0.248437 0.7 0.25 0.698438 0.251563 0.698438 0.253125 0.696875 0.253125 0.695312
0 0.870313 0.68125 0.86875 0.682813 0.86875 0.684375 0.864062 0.689062 0.864062 0.690625 0.8625 0.692187 0.8625 0.703125 0.864062 0.704687 0.865625 0.704687 0.867188 0.703125 0.867188 0.701563 0.86875 0.7 0.86875 0.698438 0.871875 0.695312 0.871875 0.69375 0.873438 0.692187 0.873438 0.685938 0.875 0.684375 0.871875 0.68125
0 0.290625 0.28125 0.289062 0.282813 0.2875 0.282813 0.2875 0.284375 0.282813 0.289062 0.28125 0.289062 0.276563 0.29375 0.276563 0.298438 0.28125 0.298438 0.282813 0.296875 0.284375 0.296875 0.289062 0.292188 0.290625 0.292188 0.292188 0.290625 0.292188 0.289062 0.295312 0.285937 0.296875 0.285937 0.298438 0.284375 0.298438 0.282813 0.296875 0.28125
0 0.876562 0.14375 0.873438 0.146875 0.873438 0.148438 0.871875 0.15 0.870313 0.15 0.86875 0.151562 0.86875 0.153125 0.867188 0.154687 0.867188 0.15625 0.865625 0.157813 0.864062 0.157813 0.864062 0.165625 0.865625 0.165625 0.870313 0.160938 0.871875 0.160938 0.873438 0.159375 0.873438 0.157813 0.879687 0.151562 0.879687 0.148438 0.88125 0.146875 0.88125 0.145313 0.879687 0.145313 0.878125 0.14375
0 0.707812 0.53125 0.70625 0.532812 0.70625 0.534375 0.703125 0.5375 0.701563 0.5375 0.7 0.539062 0.7 0.553125 0.701563 0.554688 0.703125 0.554688 0.704687 0.553125 0.704687 0.55 0.70625 0.548437 0.70625 0.546875 0.709375 0.54375 0.709375 0.542188 0.710938 0.540625 0.710938 0.5375 0.714063 0.534375 0.714063 0.532812 0.7125 0.532812 0.710938 0.53125
0 0.684375 0.925 0.68125 0.928125 0.68125 0.934375 0.679688 0.935938 0.679688 0.939062 0.676562 0.942187 0.676562 0.94375 0.675 0.945312 0.675 0.964063 0.676562 0.965625 0.678125 0.965625 0.679688 0.964063 0.679688 0.9625 0.682813 0.959375 0.682813 0.957812 0.684375 0.95625 0.684375 0.954687 0.685938 0.953125 0.685938 0.945312 0.690625 0.940625 0.690625 0.9375 0.692187 0.935938 0.692187 0.926562 0.690625 0.925
0 0.915625 0.46875 0.9125 0.471875 0.9125 0.476562 0.90625 0.482812 0.90625 0.490625 0.907812 0.492188 0.909375 0.492188 0.910937 0.490625 0.910937 0.489062 0.917188 0.482812 0.917188 0.478125 0.923437 0.471875 0.923437 0.470313 0.921875 0.46875
0 0.164062 0.60625 0.1625 0.607813 0.1625 0.610937 0.159375 0.614062 0.159375 0.615625 0.15625 0.61875 0.15625 0.621875 0.153125 0.625 0.151562 0.625 0.15 0.626562 0.15 0.628125 0.151562 0.629687 0.151562 0.632812 0.153125 0.632812 0.154687 0.63125 0.154687 0.629687 0.160938 0.623438 0.160938 0.621875 0.167187 0.615625 0.167187 0.614062 0.171875 0.609375 0.171875 0.607813 0.16875 0.607813 0.167187 0.60625
0 0.5875 0.73125 0.585938 0.732813 0.584375 0.732813 0.582812 0.734375 0.582812 0.735937 0.58125 0.7375 0.58125 0.740625 0.576563 0.745313 0.576563 0.748438 0.575 0.75 0.575 0.760938 0.576563 0.7625 0.576563 0.764063 0.578125 0.764063 0.578125 0.7625 0.579687 0.760938 0.579687 0.757812 0.584375 0.753125 0.584375 0.751562 0.585938 0.75 0.585938 0.745313 0.592188 0.739062 0.592188 0.735937 0.59375 0.734375 0.59375 0.732813 0.592188 0.732813 0.590625 0.73125
0 0.0515625 0.35 0.05 0.351562 0.0484375 0.351562 0.04375 0.35625 0.04375 0.359375 0.040625 0.3625 0.0390625 0.3625 0.0390625 0.364062 0.0328125 0.370313 0.0328125 0.371875 0.03125 0.373437 0.03125 0.378125 0.0328125 0.379687 0.0328125 0.38125 0.034375 0.382812 0.034375 0.38125 0.0375 0.378125 0.0375 0.376563 0.0390625 0.375 0.040625 0.375 0.040625 0.373437 0.0421875 0.371875 0.0421875 0.370313 0.0484375 0.364062 0.0484375 0.360938 0.05 0.359375 0.05 0.357812 0.0546875 0.353125 0.0546875 0.351562 0.053125 0.35
0 0.915625 0.28125 0.9125 0.284375 0.9125 0.3 0.914062 0.301562 0.914062 0.303125 0.915625 0.303125 0.915625 0.301562 0.917188 0.3 0.917188 0.29375 0.91875 0.292188 0.91875 0.290625 0.921875 0.2875 0.921875 0.285937 0.923437 0.284375 0.920313 0.28125
0 0.190625 0.0515625 0.189063 0.053125 0.184375 0.053125 0.178125 0.059375 0.178125 0.0625 0.176563 0.0640625 0.178125 0.0640625 0.178125 0.0609375 0.179688 0.059375 0.190625 0.059375 0.190625 0.05625 0.192188 0.0546875 0.19375 0.0546875 0.195312 0.053125 0.201562 0.053125 0.201562 0.0515625
0 0.276563 0.626562 0.275 0.628125 0.275 0.629687 0.273438 0.63125 0.270312 0.63125 0.26875 0.632812 0.26875 0.634375 0.264062 0.639063 0.264062 0.640625 0.2625 0.642187 0.2625 0.648438 0.264062 0.65 0.264062 0.651563 0.265625 0.651563 0.265625 0.65 0.267188 0.648438 0.267188 0.646875 0.273438 0.640625 0.273438 0.6375 0.275 0.635938 0.275 0.634375 0.276563 0.632812 0.276563 0.63125 0.279687 0.628125 0.279687 0.626562
0 0.121875 0.03125 0.115625 0.0375 0.114063 0.0375 0.1125 0.0390625 0.1125 0.040625 0.109375 0.04375 0.10625 0.04375 0.104687 0.0453125 0.101562 0.0453125 0.101562 0.053125 0.103125 0.053125 0.107813 0.0484375 0.109375 0.0484375 0.114063 0.04375 0.115625 0.04375 0.117188 0.0421875 0.120312 0.0421875 0.121875 0.040625 0.123438 0.040625 0.128125 0.0359375 0.129688 0.0359375 0.13125 0.034375 0.13125 0.0328125 0.129688 0.0328125 0.128125 0.03125
0 0.496875 0.4625 0.49375 0.465625 0.49375 0.478125 0.495313 0.479688 0.496875 0.479688 0.498437 0.478125 0.498437 0.471875 0.5 0.470313 0.5 0.46875 0.501562 0.467187 0.503125 0.467187 0.503125 0.464063 0.501562 0.4625
0 0.707812 0.9375 0.70625 0.939062 0.70625 0.940625 0.701563 0.945312 0.701563 0.946875 0.7 0.948438 0.7 0.953125 0.698438 0.954687 0.698438 0.95625 0.695312 0.959375 0.695312 0.967188 0.698438 0.967188 0.7 0.965625 0.703125 0.965625 0.703125 0.964063 0.704687 0.9625 0.704687 0.95625 0.70625 0.954687 0.70625 0.953125 0.709375 0.95 0.709375 0.948438 0.710938 0.946875 0.710938 0.94375 0.714063 0.940625 0.714063 0.939062 0.7125 0.939062 0.710938 0.9375
0 0.323438 0.68125 0.321875 0.682813 0.320312 0.682813 0.320312 0.684375 0.31875 0.685938 0.31875 0.690625 0.317187 0.692187 0.317187 0.69375 0.315625 0.695312 0.315625 0.696875 0.314063 0.698438 0.314063 0.7 0.3125 0.701563 0.3125 0.715625 0.314063 0.717188 0.315625 0.717188 0.317187 0.715625 0.317187 0.714063 0.31875 0.7125 0.31875 0.710938 0.321875 0.707812 0.321875 0.70625 0.323438 0.704687 0.323438 0.696875 0.325 0.695312 0.325 0.69375 0.329688 0.689062 0.329688 0.682813 0.328125 0.68125
0 0.945312 0.18125 0.939062 0.1875 0.939062 0.189063 0.9375 0.190625 0.9375 0.209375 0.939062 0.210938 0.940625 0.210938 0.942187 0.209375 0.942187 0.2 0.94375 0.198437 0.94375 0.196875 0.946875 0.19375 0.946875 0.192188 0.948438 0.190625 0.948438 0.182812 0.946875 0.18125
0 0.832812 0.75 0.83125 0.751562 0.83125 0.757812 0.829687 0.759375 0.829687 0.760938 0.828125 0.7625 0.826563 0.7625 0.826563 0.764063 0.825 0.765625 0.825 0.776563 0.826563 0.778125 0.828125 0.778125 0.829687 0.776563 0.829687 0.770312 0.835938 0.764063 0.835938 0.75625 0.839063 0.753125 0.8375 0.751562 0.835938 0.751562 0.834375 0.75
0 0.620313 0.93125 0.6125 0.939062 0.6125 0.953125 0.614062 0.954687 0.614062 0.95625 0.615625 0.95625 0.615625 0.954687 0.617188 0.953125 0.617188 0.948438 0.61875 0.946875 0.61875 0.945312 0.623438 0.940625 0.623438 0.932813 0.621875 0.93125
0 0.114063 0.46875 0.1125 0.470313 0.110937 0.470313 0.10625 0.475 0.10625 0.476562 0.1 0.482812 0.1 0.490625 0.101562 0.492188 0.103125 0.492188 0.104687 0.490625 0.104687 0.489062 0.107813 0.485938 0.109375 0.485938 0.109375 0.484375 0.117188 0.476562 0.117188 0.473437 0.11875 0.471875 0.11875 0.470313 0.117188 0.470313 0.115625 0.46875
0 0.695312 0.775 0.69375 0.776563 0.69375 0.778125 0.692187 0.779688 0.692187 0.782812 0.689062 0.785937 0.689062 0.7875 0.6875 0.789062 0.6875 0.803125 0.689062 0.804688 0.690625 0.804688 0.69375 0.801562 0.69375 0.8 0.696875 0.796875 0.696875 0.795313 0.698438 0.79375 0.698438 0.784375 0.7 0.782812 0.7 0.78125 0.703125 0.778125 0.703125 0.776563 0.701563 0.776563 0.7 0.775
0 0.220313 0.5375 0.21875 0.539062 0.21875 0.542188 0.215625 0.545313 0.214062 0.545313 0.214062 0.548437 0.2125 0.55 0.2125 0.551562 0.210938 0.553125 0.209375 0.553125 0.207813 0.554688 0.207813 0.55625 0.20625 0.557813 0.20625 0.5625 0.207813 0.564062 0.207813 0.565625 0.209375 0.565625 0.215625 0.559375 0.215625 0.55625 0.221875 0.55 0.221875 0.548437 0.228125 0.542188 0.228125 0.539062 0.225 0.539062 0.223438 0.5375
0 0.965625 0.19375 0.9625 0.196875 0.9625 0.201562 0.95625 0.207813 0.95625 0.220313 0.957812 0.221875 0.957812 0.223438 0.959375 0.223438 0.960938 0.221875 0.960938 0.220313 0.9625 0.21875 0.9625 0.217187 0.964063 0.215625 0.965625 0.215625 0.965625 0.214062 0.967188 0.2125 0.967188 0.207813 0.973437 0.201562 0.973437 0.195312 0.971875 0.19375
0 0.4125 0.925 0.410937 0.926562 0.407813 0.926562 0.40625 0.928125 0.40625 0.929688 0.404687 0.93125 0.404687 0.932813 0.403125 0.934375 0.403125 0.939062 0.396875 0.945312 0.395312 0.945312 0.395312 0.946875 0.39375 0.948438 0.39375 0.954687 0.395312 0.95625 0.395312 0.959375 0.396875 0.959375 0.403125 0.953125 0.403125 0.95 0.404687 0.948438 0.404687 0.945312 0.409375 0.940625 0.409375 0.9375 0.410937 0.935938 0.410937 0.934375 0.415625 0.929688 0.415625 0.926562 0.414062 0.925
0 0.107813 0.420312 0.10625 0.421875 0.10625 0.425 0.104687 0.426562 0.103125 0.426562 0.101562 0.428125 0.101562 0.43125 0.1 0.432813 0.101562 0.432813 0.103125 0.43125 0.103125 0.429688 0.104687 0.428125 0.10625 0.428125 0.107813 0.426562 0.109375 0.426562 0.109375 0.423438 0.110937 0.421875 0.110937 0.420312
0 0.775 0.4625 0.773438 0.464063 0.770312 0.464063 0.770312 0.465625 0.76875 0.467187 0.76875 0.471875 0.7625 0.478125 0.7625 0.490625 0.764063 0.492188 0.765625 0.492188 0.767187 0.490625 0.767187 0.4875 0.76875 0.485938 0.76875 0.484375 0.771875 0.48125 0.771875 0.479688 0.773438 0.478125 0.773438 0.475 0.775 0.473437 0.775 0.471875 0.778125 0.46875 0.778125 0.467187 0.779688 0.465625 0.779688 0.464063 0.778125 0.4625
0 0.176563 0.3 0.175 0.301562 0.173438 0.301562 0.173438 0.303125 0.171875 0.304688 0.170312 0.304688 0.170312 0.30625 0.16875 0.307813 0.16875 0.309375 0.15625 0.321875 0.15625 0.328125 0.157813 0.329688 0.159375 0.329688 0.167187 0.321875 0.167187 0.320312 0.173438 0.314063 0.173438 0.3125 0.178125 0.307813 0.178125 0.30625 0.179688 0.304688 0.179688 0.301562 0.178125 0.3
0 0.36875 0.24375 0.367188 0.245312 0.365625 0.245312 0.364062 0.246875 0.364062 0.248437 0.360938 0.251563 0.360938 0.253125 0.35625 0.257812 0.35625 0.265625 0.357812 0.267188 0.359375 0.267188 0.367188 0.259375 0.367188 0.257812 0.373437 0.251563 0.373437 0.25 0.376563 0.246875 0.376563 0.245312 0.375 0.245312 0.373437 0.24375
0 0.146875 0.175 0.145313 0.176563 0.14375 0.176563 0.14375 0.178125 0.140625 0.18125 0.139062 0.18125 0.132812 0.1875 0.129688 0.1875 0.128125 0.189063 0.126563 0.189063 0.126563 0.192188 0.125 0.19375 0.125 0.196875 0.126563 0.198437 0.128125 0.198437 0.129688 0.196875 0.13125 0.196875 0.13125 0.195312 0.132812 0.19375 0.134375 0.19375 0.135937 0.192188 0.140625 0.192188 0.142188 0.190625 0.142188 0.189063 0.145313 0.185937 0.146875 0.185937 0.148438 0.184375 0.15 0.184375 0.15 0.182812 0.151562 0.18125 0.153125 0.18125 0.153125 0.179688 0.154687 0.178125 0.154687 0.176563 0.153125 0.175
0 0.689062 0.4 0.6875 0.401563 0.685938 0.401563 0.682813 0.404687 0.682813 0.407813 0.68125 0.409375 0.68125 0.410937 0.679688 0.4125 0.678125 0.4125 0.675 0.415625 0.675 0.417188 0.673437 0.41875 0.673437 0.420312 0.670313 0.423438 0.670313 0.425 0.66875 0.426562 0.66875 0.428125 0.670313 0.429688 0.676562 0.429688 0.678125 0.428125 0.678125 0.426562 0.679688 0.425 0.679688 0.420312 0.68125 0.41875 0.68125 0.417188 0.682813 0.415625 0.682813 0.414062 0.685938 0.410937 0.685938 0.409375 0.689062 0.40625 0.690625 0.40625 0.690625 0.404687 0.692187 0.403125 0.692187 0.401563 0.690625 0.4
0 0.245312 0.401563 0.245312 0.403125 0.24375 0.404687 0.24375 0.40625 0.242188 0.407813 0.240625 0.407813 0.239063 0.409375 0.239063 0.410937 0.2375 0.4125 0.235938 0.4125 0.234375 0.414062 0.232812 0.414062 0.232812 0.415625 0.23125 0.417188 0.23125 0.421875 0.232812 0.423438 0.234375 0.423438 0.235938 0.421875 0.235938 0.420312 0.2375 0.41875 0.2375 0.417188 0.240625 0.414062 0.240625 0.4125 0.24375 0.409375 0.245312 0.409375 0.25 0.404687 0.251563 0.404687 0.253125 0.403125 0.253125 0.401563
0 0.507812 0.81875 0.504687 0.821875 0.504687 0.823438 0.503125 0.825 0.501562 0.825 0.5 0.826563 0.5 0.829687 0.498437 0.83125 0.498437 0.832812 0.495313 0.835938 0.495313 0.8375 0.49375 0.839063 0.49375 0.840625 0.495313 0.842188 0.495313 0.84375 0.498437 0.84375 0.5 0.842188 0.501562 0.842188 0.503125 0.840625 0.503125 0.839063 0.504687 0.8375 0.504687 0.832812 0.510938 0.826563 0.510938 0.823438 0.5125 0.821875 0.5125 0.820312 0.510938 0.820312 0.509375 0.81875
0 0.226562 0.6 0.220313 0.60625 0.220313 0.607813 0.21875 0.609375 0.21875 0.610937 0.217187 0.6125 0.217187 0.614062 0.214062 0.617188 0.214062 0.61875 0.2125 0.620313 0.2125 0.623438 0.214062 0.625 0.214062 0.628125 0.215625 0.628125 0.215625 0.626562 0.217187 0.625 0.217187 0.623438 0.21875 0.621875 0.21875 0.620313 0.223438 0.615625 0.223438 0.6125 0.228125 0.607813 0.228125 0.604688 0.229687 0.603125 0.229687 0.601562 0.228125 0.6
0 0.345313 0.6875 0.34375 0.689062 0.34375 0.695312 0.342187 0.696875 0.342187 0.698438 0.339063 0.701563 0.339063 0.704687 0.3375 0.70625 0.3375 0.715625 0.339063 0.717188 0.339063 0.71875 0.340625 0.71875 0.340625 0.717188 0.342187 0.715625 0.342187 0.7125 0.34375 0.710938 0.34375 0.709375 0.346875 0.70625 0.346875 0.704687 0.348437 0.703125 0.348437 0.7 0.353125 0.695312 0.353125 0.692187 0.354688 0.690625 0.354688 0.689062 0.353125 0.6875
0 0.153125 0.275 0.15 0.278125 0.15 0.284375 0.146875 0.2875 0.145313 0.2875 0.14375 0.289062 0.14375 0.295312 0.145313 0.296875 0.145313 0.298438 0.146875 0.298438 0.148438 0.296875 0.148438 0.29375 0.15 0.292188 0.15 0.290625 0.153125 0.2875 0.153125 0.285937 0.154687 0.284375 0.154687 0.282813 0.159375 0.278125 0.157813 0.276563 0.154687 0.276563
0 0.920313 0.9125 0.91875 0.914062 0.91875 0.940625 0.920313 0.942187 0.921875 0.942187 0.923437 0.940625 0.923437 0.925 0.925 0.923437 0.925 0.91875 0.928125 0.915625 0.926562 0.914062 0.925 0.914062 0.923437 0.9125
0 0.75625 0.45 0.754687 0.451562 0.753125 0.451562 0.751562 0.453125 0.751562 0.45625 0.75 0.457812 0.75 0.478125 0.751562 0.479688 0.753125 0.479688 0.754687 0.478125 0.754687 0.473437 0.75625 0.471875 0.75625 0.470313 0.757812 0.46875 0.757812 0.467187 0.759375 0.465625 0.759375 0.464063 0.760938 0.4625 0.760938 0.451562 0.759375 0.45
0 0.101562 0.31875 0.1 0.320312 0.1 0.321875 0.09375 0.328125 0.09375 0.329688 0.090625 0.332812 0.0890625 0.332812 0.0890625 0.3375 0.090625 0.335938 0.0921875 0.335938 0.09375 0.334375 0.0953125 0.334375 0.1 0.329688 0.101562 0.329688 0.109375 0.321875 0.109375 0.320312 0.107813 0.320312 0.10625 0.31875
0 0.235938 0.757812 0.232812 0.760938 0.232812 0.7625 0.23125 0.764063 0.23125 0.765625 0.234375 0.765625 0.234375 0.764063 0.2375 0.760938 0.239063 0.760938 0.240625 0.759375 0.240625 0.757812
0 0.353125 0.04375 0.35 0.046875 0.35 0.0515625 0.346875 0.0546875 0.346875 0.05625 0.340625 0.0625 0.339063 0.0625 0.3375 0.0640625 0.3375 0.065625 0.335938 0.0671875 0.334375 0.0671875 0.33125 0.0703125 0.33125 0.071875 0.332812 0.0734375 0.332812 0.075 0.334375 0.075 0.335938 0.0734375 0.3375 0.0734375 0.339063 0.071875 0.340625 0.071875 0.340625 0.0703125 0.346875 0.0640625 0.346875 0.0625 0.35 0.059375 0.351562 0.059375 0.353125 0.0578125 0.353125 0.05625 0.35625 0.053125 0.357812 0.053125 0.359375 0.0515625 0.359375 0.0484375 0.360938 0.046875 0.357812 0.04375
0 0.707812 0.8375 0.704687 0.840625 0.704687 0.842188 0.701563 0.845312 0.701563 0.85 0.7 0.851562 0.7 0.864062 0.701563 0.865625 0.703125 0.865625 0.704687 0.864062 0.704687 0.8625 0.70625 0.860937 0.70625 0.859375 0.709375 0.85625 0.709375 0.854688 0.710938 0.853125 0.710938 0.84375 0.7125 0.842188 0.7125 0.839063 0.710938 0.839063 0.709375 0.8375
0 0.210938 0.1125 0.209375 0.114063 0.207813 0.114063 0.203125 0.11875 0.201562 0.11875 0.195312 0.125 0.195312 0.128125 0.198437 0.128125 0.201562 0.125 0.203125 0.125 0.204688 0.123438 0.209375 0.123438 0.215625 0.117188 0.21875 0.117188 0.220313 0.115625 0.221875 0.115625 0.221875 0.114063 0.220313 0.114063 0.21875 0.1125
0 0.428125 0.78125 0.425 0.784375 0.425 0.798437 0.426562 0.8 0.426562 0.801562 0.428125 0.801562 0.428125 0.8 0.429688 0.798437 0.429688 0.795313 0.43125 0.79375 0.43125 0.792188 0.434375 0.789062 0.434375 0.7875 0.435937 0.785937 0.435937 0.782812 0.434375 0.78125
0 0.670313 0.74375 0.66875 0.745313 0.667188 0.745313 0.667188 0.746875 0.6625 0.751562 0.6625 0.759375 0.657812 0.764063 0.657812 0.765625 0.65625 0.767187 0.65625 0.778125 0.657812 0.779688 0.657812 0.78125 0.659375 0.78125 0.659375 0.779688 0.660937 0.778125 0.660937 0.776563 0.665625 0.771875 0.665625 0.76875 0.667188 0.767187 0.667188 0.760938 0.66875 0.759375 0.66875 0.757812 0.673437 0.753125 0.673437 0.745313 0.671875 0.74375
0 0.645312 0.49375 0.64375 0.495313 0.64375 0.496875 0.642187 0.498437 0.642187 0.5 0.640625 0.501562 0.640625 0.503125 0.6375 0.50625 0.6375 0.507812 0.635938 0.509375 0.635938 0.510938 0.634375 0.5125 0.634375 0.514063 0.632812 0.515625 0.632812 0.520312 0.634375 0.521875 0.639063 0.517187 0.640625 0.517187 0.640625 0.515625 0.642187 0.514063 0.642187 0.507812 0.64375 0.50625 0.645312 0.50625 0.648438 0.503125 0.648438 0.5 0.651563 0.496875 0.651563 0.495313 0.648438 0.495313 0.646875 0.49375
0 0.201562 0.46875 0.2 0.470313 0.2 0.473437 0.196875 0.476562 0.195312 0.476562 0.195312 0.482812 0.19375 0.484375 0.192188 0.484375 0.189063 0.4875 0.189063 0.496875 0.190625 0.496875 0.190625 0.495313 0.192188 0.49375 0.192188 0.492188 0.19375 0.490625 0.195312 0.490625 0.195312 0.489062 0.196875 0.4875 0.196875 0.485938 0.2 0.482812 0.201562 0.482812 0.203125 0.48125 0.203125 0.478125 0.204688 0.476562 0.20625 0.476562 0.209375 0.473437 0.209375 0.470313 0.20625 0.470313 0.204688 0.46875
0 0.970312 0.28125 0.96875 0.282813 0.96875 0.296875 0.970312 0.298438 0.970312 0.301562 0.971875 0.301562 0.971875 0.298438 0.973437 0.296875 0.973437 0.282813 0.971875 0.28125
0 0.114063 0.6875 0.1125 0.689062 0.1125 0.690625 0.107813 0.695312 0.107813 0.696875 0.10625 0.698438 0.10625 0.707812 0.107813 0.709375 0.109375 0.709375 0.110937 0.707812 0.110937 0.70625 0.115625 0.701563 0.115625 0.7 0.117188 0.698438 0.117188 0.696875 0.11875 0.695312 0.11875 0.69375 0.120312 0.692187 0.121875 0.692187 0.123438 0.690625 0.123438 0.689062 0.121875 0.6875
0 0.845312 0.46875 0.84375 0.470313 0.842188 0.470313 0.840625 0.471875 0.840625 0.473437 0.839063 0.475 0.839063 0.476562 0.8375 0.478125 0.8375 0.48125 0.835938 0.482812 0.834375 0.482812 0.834375 0.484375 0.832812 0.485938 0.832812 0.490625 0.834375 0.490625 0.834375 0.4875 0.8375 0.484375 0.839063 0.484375 0.840625 0.482812 0.840625 0.478125 0.842188 0.476562 0.842188 0.475 0.84375 0.473437 0.846875 0.473437 0.848437 0.471875 0.848437 0.470313 0.846875 0.46875
0 0.795313 0.6625 0.79375 0.664062 0.79375 0.6875 0.795313 0.689062 0.795313 0.690625 0.796875 0.690625 0.796875 0.689062 0.798437 0.6875 0.798437 0.675 0.8 0.673437 0.8 0.671875 0.803125 0.66875 0.803125 0.667188 0.804688 0.665625 0.801562 0.6625
0 0.7875 0.175 0.785937 0.176563 0.782812 0.176563 0.782812 0.178125 0.78125 0.179688 0.78125 0.182812 0.776563 0.1875 0.776563 0.189063 0.770312 0.195312 0.770312 0.196875 0.76875 0.198437 0.76875 0.203125 0.770312 0.204688 0.771875 0.204688 0.779688 0.196875 0.779688 0.19375 0.782812 0.190625 0.784375 0.190625 0.784375 0.189063 0.785937 0.1875 0.785937 0.184375 0.792188 0.178125 0.789062 0.175
0 0.989062 0.878125 0.989062 0.903125 0.990625 0.903125 0.990625 0.878125
0 0.253125 0.20625 0.251563 0.207813 0.25 0.207813 0.245312 0.2125 0.245312 0.214062 0.2375 0.221875 0.2375 0.223438 0.239063 0.225 0.239063 0.23125 0.240625 0.23125 0.245312 0.226562 0.245312 0.225 0.248437 0.221875 0.248437 0.220313 0.25 0.21875 0.251563 0.21875 0.253125 0.217187 0.253125 0.215625 0.259375 0.209375 0.259375 0.207813 0.25625 0.207813 0.254687 0.20625
0 0.0390625 0.1125 0.0375 0.114063 0.0375 0.115625 0.034375 0.11875 0.0328125 0.11875 0.03125 0.120312 0.03125 0.121875 0.028125 0.125 0.0265625 0.125 0.025 0.126563 0.025 0.128125 0.021875 0.13125 0.0203125 0.13125 0.01875 0.132812 0.01875 0.140625 0.0203125 0.142188 0.021875 0.142188 0.0234375 0.140625 0.0234375 0.139062 0.0265625 0.135937 0.028125 0.135937 0.0296875 0.134375 0.0296875 0.132812 0.0328125 0.129688 0.034375 0.129688 0.0359375 0.128125 0.0359375 0.126563 0.0390625 0.123438 0.040625 0.123438 0.0421875 0.121875 0.0421875 0.120312 0.046875 0.115625 0.046875 0.114063 0.0453125 0.1125
0 0.764063 0.28125 0.760938 0.284375 0.760938 0.285937 0.75625 0.290625 0.75625 0.307813 0.757812 0.309375 0.759375 0.309375 0.760938 0.307813 0.760938 0.301562 0.765625 0.296875 0.765625 0.295312 0.767187 0.29375 0.767187 0.289062 0.76875 0.2875 0.76875 0.285937 0.770312 0.284375 0.770312 0.282813 0.76875 0.282813 0.767187 0.28125
0 0.557813 0.79375 0.55625 0.795313 0.55625 0.814062 0.557813 0.815625 0.557813 0.817187 0.559375 0.817187 0.559375 0.815625 0.560938 0.814062 0.560938 0.801562 0.5625 0.8 0.5625 0.798437 0.564062 0.796875 0.564062 0.795313 0.5625 0.795313 0.560938 0.79375
0 0.50625 0.63125 0.504687 0.632812 0.503125 0.632812 0.501562 0.634375 0.501562 0.635938 0.5 0.6375 0.5 0.64375 0.498437 0.645312 0.498437 0.646875 0.495313 0.65 0.495313 0.653125 0.49375 0.654688 0.49375 0.670313 0.495313 0.671875 0.495313 0.673437 0.496875 0.673437 0.498437 0.671875 0.498437 0.667188 0.5 0.665625 0.5 0.664062 0.503125 0.660937 0.503125 0.659375 0.504687 0.657812 0.504687 0.651563 0.50625 0.65 0.50625 0.648438 0.509375 0.645312 0.509375 0.642187 0.510938 0.640625 0.510938 0.6375 0.5125 0.635938 0.5125 0.632812 0.510938 0.632812 0.509375 0.63125
0 0.195312 0.201562 0.19375 0.203125 0.19375 0.204688 0.192188 0.20625 0.190625 0.20625 0.189063 0.207813 0.189063 0.215625 0.190625 0.215625 0.190625 0.214062 0.195312 0.209375 0.196875 0.209375 0.203125 0.203125 0.204688 0.203125 0.203125 0.201562
0 0.832812 0.90625 0.83125 0.907812 0.83125 0.910937 0.829687 0.9125 0.829687 0.914062 0.826563 0.917188 0.826563 0.91875 0.825 0.920313 0.825 0.934375 0.826563 0.935938 0.828125 0.935938 0.829687 0.934375 0.829687 0.928125 0.83125 0.926562 0.83125 0.925 0.832812 0.923437 0.834375 0.923437 0.834375 0.921875 0.835938 0.920313 0.835938 0.914062 0.840625 0.909375 0.840625 0.907812 0.839063 0.907812 0.8375 0.90625
0 0.821875 0.834375 0.820312 0.835938 0.820312 0.8375 0.81875 0.839063 0.81875 0.853125 0.820312 0.854688 0.821875 0.854688 0.823438 0.853125 0.823438 0.835938
0 0.707812 0.13125 0.70625 0.132812 0.70625 0.134375 0.7 0.140625 0.7 0.151562 0.701563 0.153125 0.703125 0.153125 0.704687 0.151562 0.704687 0.146875 0.710938 0.140625 0.710938 0.139062 0.715625 0.134375 0.715625 0.132812 0.714063 0.13125
0 0.295312 0.775 0.29375 0.776563 0.29375 0.779688 0.292188 0.78125 0.292188 0.782812 0.289062 0.785937 0.289062 0.789062 0.2875 0.790625 0.2875 0.809375 0.289062 0.810938 0.292188 0.810938 0.292188 0.809375 0.29375 0.807813 0.29375 0.80625 0.296875 0.803125 0.296875 0.8 0.298438 0.798437 0.298438 0.782812 0.3 0.78125 0.3 0.776563 0.298438 0.776563 0.296875 0.775
0 0.139062 0.90625 0.13125 0.914062 0.13125 0.917188 0.129688 0.91875 0.129688 0.920313 0.126563 0.923437 0.126563 0.925 0.125 0.926562 0.125 0.929688 0.126563 0.93125 0.126563 0.934375 0.128125 0.934375 0.128125 0.93125 0.129688 0.929688 0.129688 0.925 0.13125 0.923437 0.132812 0.923437 0.135937 0.920313 0.135937 0.917188 0.1375 0.915625 0.1375 0.914062 0.142188 0.909375 0.142188 0.907812 0.140625 0.90625
0 0.826563 0.45625 0.825 0.457812 0.823438 0.457812 0.823438 0.459375 0.820312 0.4625 0.820312 0.464063 0.81875 0.465625 0.81875 0.485938 0.820312 0.4875 0.820312 0.489062 0.821875 0.489062 0.821875 0.4875 0.823438 0.485938 0.823438 0.478125 0.825 0.476562 0.825 0.475 0.828125 0.471875 0.828125 0.470313 0.829687 0.46875 0.829687 0.460938 0.83125 0.459375 0.828125 0.45625
0 0.814062 0.2625 0.810938 0.265625 0.810938 0.267188 0.809375 0.26875 0.809375 0.270312 0.807813 0.271875 0.807813 0.276563 0.80625 0.278125 0.80625 0.279687 0.803125 0.282813 0.801562 0.282813 0.801562 0.285937 0.8 0.2875 0.8 0.296875 0.801562 0.298438 0.804688 0.298438 0.80625 0.296875 0.807813 0.296875 0.809375 0.295312 0.809375 0.292188 0.810938 0.290625 0.810938 0.285937 0.815625 0.28125 0.815625 0.279687 0.817187 0.278125 0.817187 0.275 0.81875 0.273438 0.81875 0.271875 0.821875 0.26875 0.821875 0.264062 0.820312 0.2625
0 0.746875 0.0890625 0.745313 0.090625 0.745313 0.0921875 0.74375 0.09375 0.742188 0.09375 0.740625 0.0953125 0.739062 0.0953125 0.739062 0.096875 0.7375 0.0984375 0.7375 0.101562 0.739062 0.103125 0.739062 0.104687 0.740625 0.104687 0.742188 0.103125 0.742188 0.101562 0.74375 0.1 0.74375 0.0984375 0.746875 0.0953125 0.746875 0.09375 0.75 0.090625 0.751562 0.090625 0.75 0.090625 0.748438 0.0890625
0 0.439063 0.5125 0.4375 0.514063 0.4375 0.520312 0.43125 0.526563 0.43125 0.539062 0.432813 0.540625 0.432813 0.542188 0.434375 0.542188 0.434375 0.540625 0.435937 0.539062 0.435937 0.532812 0.440625 0.528125 0.440625 0.526563 0.442187 0.525 0.442187 0.520312 0.44375 0.51875 0.44375 0.517187 0.445312 0.515625 0.445312 0.514063 0.44375 0.514063 0.442187 0.5125
0 0.620313 0.56875 0.61875 0.570312 0.61875 0.573438 0.617188 0.575 0.617188 0.578125 0.614062 0.58125 0.614062 0.582812 0.6125 0.584375 0.6125 0.6 0.614062 0.601562 0.614062 0.603125 0.615625 0.603125 0.620313 0.598437 0.621875 0.598437 0.621875 0.596875 0.623438 0.595312 0.623438 0.573438 0.625 0.571875 0.621875 0.56875
0 0.0328125 0.19375 0.021875 0.204688 0.0203125 0.204688 0.0171875 0.207813 0.015625 0.207813 0.0140625 0.209375 0.0140625 0.210938 0.0125 0.2125 0.0125 0.215625 0.0140625 0.217187 0.0140625 0.21875 0.0171875 0.21875 0.01875 0.217187 0.0203125 0.217187 0.0328125 0.204688 0.034375 0.204688 0.040625 0.198437 0.0421875 0.198437 0.04375 0.196875 0.04375 0.195312 0.0421875 0.195312 0.040625 0.19375
0 0.632812 0.69375 0.629687 0.696875 0.629687 0.698438 0.626562 0.701563 0.626562 0.715625 0.628125 0.715625 0.628125 0.709375 0.629687 0.707812 0.629687 0.703125 0.632812 0.7 0.634375 0.7 0.634375 0.698438 0.635938 0.696875 0.635938 0.695312 0.634375 0.69375
0 0.496875 0.00625 0.495313 0.0078125 0.49375 0.0078125 0.49375 0.009375 0.490625 0.0125 0.489062 0.0125 0.4875 0.0140625 0.4875 0.015625 0.482812 0.0203125 0.482812 0.021875 0.484375 0.0234375 0.489062 0.01875 0.490625 0.01875 0.49375 0.015625 0.495313 0.015625 0.5 0.0109375 0.501562 0.0109375 0.503125 0.009375 0.503125 0.0078125 0.501562 0.00625
0 0.445312 0.69375 0.44375 0.695312 0.442187 0.695312 0.439063 0.698438 0.439063 0.701563 0.4375 0.703125 0.4375 0.717188 0.439063 0.71875 0.439063 0.721875 0.440625 0.721875 0.440625 0.720312 0.442187 0.71875 0.442187 0.715625 0.44375 0.714063 0.44375 0.7125 0.446875 0.709375 0.446875 0.707812 0.448438 0.70625 0.448438 0.695312 0.446875 0.69375
0 0.15625 0.857813 0.15625 0.859375 0.154687 0.860937 0.154687 0.8625 0.151562 0.865625 0.151562 0.86875 0.15 0.870313 0.151562 0.871875 0.151562 0.873438 0.153125 0.873438 0.153125 0.871875 0.154687 0.870313 0.154687 0.86875 0.15625 0.867188 0.157813 0.867188 0.160938 0.864062 0.160938 0.8625 0.164062 0.859375 0.164062 0.857813
0 0.826563 0.175 0.825 0.176563 0.825 0.179688 0.820312 0.184375 0.820312 0.19375 0.821875 0.19375 0.821875 0.190625 0.823438 0.189063 0.823438 0.1875 0.826563 0.184375 0.828125 0.184375 0.828125 0.182812 0.832812 0.178125 0.832812 0.176563 0.83125 0.176563 0.829687 0.175
0 0.5125 0.9 0.510938 0.901563 0.509375 0.901563 0.507812 0.903125 0.507812 0.904688 0.50625 0.90625 0.50625 0.909375 0.503125 0.9125 0.501562 0.9125 0.501562 0.914062 0.5 0.915625 0.5 0.923437 0.501562 0.925 0.501562 0.926562 0.503125 0.926562 0.503125 0.925 0.504687 0.923437 0.504687 0.921875 0.510938 0.915625 0.510938 0.9125 0.515625 0.907812 0.515625 0.90625 0.517187 0.904688 0.517187 0.901563 0.515625 0.9
0 0.351562 0.795313 0.351562 0.798437 0.35 0.8 0.35 0.801562 0.34375 0.807813 0.34375 0.815625 0.345313 0.817187 0.348437 0.817187 0.35 0.815625 0.351562 0.815625 0.353125 0.814062 0.353125 0.809375 0.354688 0.807813 0.354688 0.80625 0.35625 0.804688 0.357812 0.804688 0.359375 0.803125 0.359375 0.801562 0.360938 0.8 0.360938 0.795313
0 0.907812 0.61875 0.90625 0.620313 0.90625 0.621875 0.904688 0.623438 0.904688 0.625 0.901563 0.628125 0.901563 0.629687 0.9 0.63125 0.9 0.639063 0.901563 0.640625 0.901563 0.642187 0.903125 0.642187 0.903125 0.640625 0.904688 0.639063 0.904688 0.63125 0.907812 0.628125 0.909375 0.628125 0.909375 0.625 0.910937 0.623438 0.910937 0.620313 0.909375 0.61875
0 0.345313 0.2375 0.34375 0.239063 0.34375 0.240625 0.3375 0.246875 0.3375 0.257812 0.339063 0.259375 0.339063 0.260938 0.340625 0.260938 0.340625 0.259375 0.342187 0.257812 0.342187 0.254687 0.34375 0.253125 0.34375 0.251563 0.348437 0.246875 0.348437 0.24375 0.35 0.242188 0.35 0.239063 0.348437 0.239063 0.346875 0.2375
0 0.626562 0.7875 0.61875 0.795313 0.61875 0.809375 0.620313 0.810938 0.621875 0.810938 0.623438 0.809375 0.623438 0.803125 0.629687 0.796875 0.629687 0.789062 0.628125 0.7875
0 0.695312 0.676562 0.69375 0.678125 0.69375 0.698438 0.695312 0.7 0.695312 0.703125 0.696875 0.703125 0.696875 0.7 0.698438 0.698438 0.698438 0.679688 0.7 0.678125 0.698438 0.676562
0 0.826563 0.576563 0.826563 0.578125 0.820312 0.584375 0.820312 0.5875 0.81875 0.589063 0.81875 0.598437 0.820312 0.6 0.820312 0.601562 0.821875 0.601562 0.821875 0.6 0.823438 0.598437 0.823438 0.596875 0.828125 0.592188 0.828125 0.590625 0.829687 0.589063 0.829687 0.582812 0.832812 0.579687 0.834375 0.579687 0.834375 0.576563
0 0.009375 0.50625 0.00625 0.509375 0.00625 0.510938 0.0078125 0.5125 0.0078125 0.517187 0.009375 0.517187 0.009375 0.515625 0.0109375 0.514063 0.0109375 0.5125 0.0140625 0.509375 0.015625 0.509375 0.015625 0.507812 0.0109375 0.507812
0 0.009375 0.0125 0.00625 0.015625 0.0078125 0.0171875 0.0109375 0.0171875 0.0125 0.015625 0.0140625 0.015625 0.0140625 0.0140625 0.0109375 0.0140625
0 0.907812 0.90625 0.90625 0.907812 0.90625 0.94375 0.907812 0.945312 0.907812 0.946875 0.909375 0.946875 0.909375 0.945312 0.910937 0.94375 0.910937 0.921875 0.9125 0.920313 0.9125 0.91875 0.914062 0.917188 0.914062 0.915625 0.915625 0.914062 0.915625 0.910937 0.917188 0.909375 0.914062 0.90625
0 0.626562 0.85625 0.625 0.857813 0.625 0.878125 0.626562 0.879687 0.626562 0.88125 0.628125 0.88125 0.628125 0.879687 0.629687 0.878125 0.629687 0.86875 0.63125 0.867188 0.63125 0.865625 0.632812 0.864062 0.632812 0.8625 0.634375 0.860937 0.634375 0.857813 0.632812 0.85625
0 0.021875 0.845312 0.0203125 0.846875 0.0203125 0.85 0.01875 0.851562 0.01875 0.853125 0.015625 0.85625 0.015625 0.857813 0.0125 0.860937 0.009375 0.860937 0.00625 0.864062 0.00625 0.871875 0.0078125 0.873438 0.009375 0.873438 0.0109375 0.871875 0.0109375 0.870313 0.015625 0.865625 0.015625 0.864062 0.0171875 0.8625 0.0171875 0.860937 0.01875 0.859375 0.0203125 0.859375 0.021875 0.857813 0.021875 0.853125 0.025 0.85 0.0265625 0.85 0.028125 0.848437 0.028125 0.845312
0 0.996875 0.376563 0.992188 0.38125 0.992188 0.382812 0.989062 0.385938 0.989062 0.389062 0.9875 0.390625 0.9875 0.401563 0.989062 0.403125 0.992188 0.403125 0.992188 0.398438 0.99375 0.396875 0.99375 0.39375 0.995313 0.392188 0.998438 0.392188 0.998438 0.376563
0 0.315625 0.78125 0.3125 0.784375 0.3125 0.790625 0.307813 0.795313 0.307813 0.796875 0.30625 0.798437 0.30625 0.809375 0.307813 0.810938 0.309375 0.810938 0.310937 0.809375 0.310937 0.807813 0.315625 0.803125 0.315625 0.801562 0.317187 0.8 0.317187 0.79375 0.31875 0.792188 0.31875 0.790625 0.321875 0.7875 0.321875 0.785937 0.323438 0.784375 0.323438 0.782812 0.321875 0.78125
0 0.464063 0.6125 0.4625 0.614062 0.460938 0.614062 0.457812 0.617188 0.457812 0.61875 0.45625 0.620313 0.45625 0.634375 0.457812 0.635938 0.459375 0.635938 0.460938 0.634375 0.460938 0.629687 0.4625 0.628125 0.4625 0.626562 0.467187 0.621875 0.467187 0.614062 0.465625 0.6125
0 0.0515625 0.58125 0.05 0.582812 0.05 0.584375 0.046875 0.5875 0.0453125 0.5875 0.0453125 0.589063 0.04375 0.590625 0.04375 0.592188 0.0421875 0.59375 0.0421875 0.595312 0.0390625 0.598437 0.0390625 0.6 0.0375 0.601562 0.0375 0.604688 0.0390625 0.60625 0.0390625 0.607813 0.040625 0.607813 0.0421875 0.60625 0.0421875 0.603125 0.0484375 0.596875 0.0484375 0.595312 0.0515625 0.592188 0.053125 0.592188 0.0546875 0.590625 0.0546875 0.589063 0.059375 0.584375 0.059375 0.582812 0.0578125 0.582812 0.05625 0.58125
0 0.04375 0.0265625 0.0421875 0.028125 0.040625 0.028125 0.0390625 0.0296875 0.0390625 0.03125 0.0375 0.0328125 0.0390625 0.034375 0.0390625 0.0359375 0.040625 0.0359375 0.0421875 0.034375 0.04375 0.034375 0.0453125 0.0328125 0.0453125 0.03125 0.0484375 0.028125 0.0484375 0.0265625
0 0.389062 0.525 0.385938 0.528125 0.385938 0.529688 0.38125 0.534375 0.38125 0.542188 0.382812 0.54375 0.382812 0.545313 0.384375 0.545313 0.384375 0.54375 0.385938 0.542188 0.385938 0.539062 0.389062 0.535937 0.390625 0.535937 0.390625 0.534375 0.392188 0.532812 0.392188 0.526563 0.390625 0.525
0 0.970312 0.8125 0.96875 0.814062 0.96875 0.839063 0.970312 0.840625 0.971875 0.840625 0.973437 0.839063 0.973437 0.814062 0.971875 0.8125
0 0.115625 0.832812 0.114063 0.834375 0.114063 0.840625 0.115625 0.842188 0.117188 0.840625 0.117188 0.839063 0.11875 0.8375 0.11875 0.835938 0.120312 0.834375 0.120312 0.832812
0 0.3125 0.875 0.310937 0.876562 0.307813 0.876562 0.30625 0.878125 0.30625 0.879687 0.304688 0.88125 0.304688 0.884375 0.303125 0.885938 0.303125 0.8875 0.301562 0.889063 0.301562 0.892187 0.3 0.89375 0.3 0.896875 0.298438 0.898438 0.298438 0.901563 0.296875 0.903125 0.296875 0.914062 0.296875 0.9125 0.3 0.909375 0.301562 0.909375 0.303125 0.907812 0.303125 0.903125 0.304688 0.901563 0.304688 0.895312 0.30625 0.89375 0.307813 0.89375 0.309375 0.892187 0.309375 0.890625 0.310937 0.889063 0.310937 0.882812 0.314063 0.879687 0.315625 0.879687 0.315625 0.876562 0.314063 0.875
0 0.939062 0.78125 0.935938 0.784375 0.935938 0.785937 0.934375 0.7875 0.934375 0.789062 0.932813 0.790625 0.932813 0.795313 0.93125 0.796875 0.93125 0.815625 0.932813 0.817187 0.932813 0.81875 0.934375 0.81875 0.934375 0.817187 0.935938 0.815625 0.935938 0.80625 0.939062 0.803125 0.939062 0.801562 0.940625 0.8 0.940625 0.798437 0.942187 0.796875 0.942187 0.782812 0.940625 0.78125
0 0.778125 0.6625 0.775 0.665625 0.775 0.701563 0.776563 0.703125 0.778125 0.703125 0.779688 0.701563 0.779688 0.689062 0.78125 0.6875 0.78125 0.684375 0.782812 0.682813 0.782812 0.68125 0.784375 0.679688 0.784375 0.676562 0.785937 0.675 0.785937 0.664062 0.784375 0.6625
0 0.764063 0.78125 0.7625 0.782812 0.759375 0.782812 0.757812 0.784375 0.757812 0.7875 0.75625 0.789062 0.75625 0.795313 0.754687 0.796875 0.753125 0.796875 0.751562 0.798437 0.751562 0.8 0.75 0.801562 0.75 0.809375 0.751562 0.810938 0.754687 0.810938 0.75625 0.809375 0.75625 0.8 0.757812 0.798437 0.757812 0.796875 0.760938 0.79375 0.760938 0.792188 0.767187 0.785937 0.767187 0.782812 0.765625 0.78125
0 0.41875 0.43125 0.417188 0.432813 0.415625 0.432813 0.414062 0.434375 0.414062 0.435937 0.4125 0.4375 0.4125 0.440625 0.409375 0.44375 0.407813 0.44375 0.407813 0.445312 0.40625 0.446875 0.40625 0.453125 0.407813 0.454688 0.407813 0.457812 0.409375 0.457812 0.409375 0.45625 0.4125 0.453125 0.4125 0.451562 0.415625 0.448438 0.415625 0.446875 0.417188 0.445312 0.417188 0.44375 0.423438 0.4375 0.423438 0.435937 0.425 0.434375 0.421875 0.43125
0 0.632812 0.075 0.63125 0.0765625 0.63125 0.078125 0.625 0.084375 0.625 0.0890625 0.61875 0.0953125 0.61875 0.096875 0.620313 0.0984375 0.620313 0.1 0.621875 0.1 0.625 0.096875 0.625 0.0953125 0.629687 0.090625 0.629687 0.0890625 0.63125 0.0875 0.632812 0.0875 0.635938 0.084375 0.635938 0.0828125 0.640625 0.078125 0.640625 0.0765625 0.639063 0.075
0 0.864062 0.05 0.8625 0.0515625 0.8625 0.071875 0.864062 0.0734375 0.864062 0.075 0.865625 0.075 0.865625 0.0734375 0.867188 0.071875 0.867188 0.059375 0.86875 0.0578125 0.86875 0.0546875 0.870313 0.053125 0.870313 0.0515625 0.86875 0.0515625 0.867188 0.05
0 0.995313 0.601562 0.995313 0.603125 0.99375 0.604688 0.99375 0.6125 0.992188 0.614062 0.992188 0.615625 0.990625 0.617188 0.990625 0.61875 0.989062 0.620313 0.989062 0.621875 0.9875 0.623438 0.9875 0.628125 0.985937 0.629687 0.985937 0.634375 0.982813 0.6375 0.982813 0.642187 0.984375 0.642187 0.985937 0.640625 0.9875 0.640625 0.990625 0.6375 0.990625 0.634375 0.992188 0.632812 0.992188 0.623438 0.995313 0.620313 0.998438 0.620313 0.998438 0.601562
0 0.907812 0.0375 0.90625 0.0390625 0.90625 0.0421875 0.904688 0.04375 0.904688 0.0453125 0.903125 0.046875 0.903125 0.0484375 0.901563 0.05 0.901563 0.053125 0.9 0.0546875 0.9 0.05625 0.898438 0.0578125 0.896875 0.0578125 0.895312 0.059375 0.895312 0.0671875 0.896875 0.0671875 0.896875 0.0640625 0.898438 0.0625 0.898438 0.0609375 0.9 0.059375 0.901563 0.059375 0.903125 0.0578125 0.903125 0.0546875 0.904688 0.053125 0.904688 0.0515625 0.907812 0.0484375 0.909375 0.0484375 0.910937 0.046875 0.910937 0.0453125 0.9125 0.04375 0.9125 0.0421875 0.914062 0.040625 0.915625 0.040625 0.915625 0.0390625 0.9125 0.0390625 0.910937 0.0375
0 0.895312 0.90625 0.89375 0.907812 0.89375 0.935938 0.895312 0.9375 0.895312 0.940625 0.896875 0.940625 0.896875 0.9375 0.898438 0.935938 0.898438 0.907812 0.896875 0.90625
0 0.8125 0.55625 0.810938 0.557813 0.807813 0.557813 0.807813 0.559375 0.80625 0.560938 0.80625 0.567187 0.804688 0.56875 0.804688 0.570312 0.803125 0.571875 0.803125 0.575 0.801562 0.576563 0.801562 0.5875 0.803125 0.5875 0.803125 0.584375 0.804688 0.582812 0.804688 0.58125 0.80625 0.579687 0.807813 0.579687 0.809375 0.578125 0.809375 0.576563 0.810938 0.575 0.810938 0.567187 0.815625 0.5625 0.815625 0.560938 0.817187 0.559375 0.817187 0.557813 0.815625 0.55625
0 0.907812 0.575 0.904688 0.578125 0.904688 0.579687 0.903125 0.58125 0.903125 0.584375 0.901563 0.585938 0.901563 0.603125 0.903125 0.603125 0.903125 0.596875 0.904688 0.595312 0.904688 0.592188 0.90625 0.590625 0.907812 0.590625 0.909375 0.589063 0.909375 0.585938 0.910937 0.584375 0.910937 0.576563 0.909375 0.575
0 0.664062 0.639063 0.664062 0.642187 0.6625 0.64375 0.6625 0.648438 0.660937 0.65 0.660937 0.651563 0.657812 0.654688 0.657812 0.664062 0.659375 0.664062 0.659375 0.6625 0.660937 0.660937 0.660937 0.657812 0.665625 0.653125 0.665625 0.651563 0.667188 0.65 0.667188 0.646875 0.66875 0.645312 0.66875 0.64375 0.670313 0.642187 0.671875 0.642187 0.671875 0.639063
0 0.490625 0.59375 0.4875 0.596875 0.4875 0.603125 0.482812 0.607813 0.482812 0.609375 0.48125 0.610937 0.48125 0.615625 0.482812 0.617188 0.482812 0.620313 0.484375 0.620313 0.484375 0.61875 0.485938 0.617188 0.485938 0.615625 0.4875 0.614062 0.4875 0.6125 0.489062 0.610937 0.490625 0.610937 0.490625 0.609375 0.492188 0.607813 0.492188 0.604688 0.49375 0.603125 0.49375 0.601562 0.498437 0.596875 0.498437 0.595312 0.496875 0.59375
0 0.253125 0.13125 0.25 0.134375 0.25 0.135937 0.248437 0.1375 0.246875 0.1375 0.245312 0.139062 0.245312 0.14375 0.246875 0.14375 0.248437 0.142188 0.25 0.142188 0.251563 0.140625 0.253125 0.140625 0.253125 0.139062 0.25625 0.135937 0.259375 0.135937 0.260938 0.134375 0.260938 0.132812 0.259375 0.132812 0.257812 0.13125
0 0.851562 0.66875 0.85 0.670313 0.85 0.695312 0.851562 0.696875 0.851562 0.698438 0.853125 0.7 0.853125 0.698438 0.854688 0.696875 0.854688 0.682813 0.85625 0.68125 0.85625 0.676562 0.857813 0.675 0.857813 0.673437 0.859375 0.671875 0.857813 0.670313 0.85625 0.670313 0.854688 0.66875
0 0.951563 0.7 0.95 0.701563 0.95 0.729688 0.951563 0.73125 0.951563 0.732813 0.953125 0.732813 0.953125 0.73125 0.954687 0.729688 0.954687 0.714063 0.95625 0.7125 0.95625 0.707812 0.959375 0.704687 0.959375 0.701563 0.95625 0.701563 0.954687 0.7
0 0.964063 0.6375 0.9625 0.639063 0.9625 0.671875 0.964063 0.673437 0.964063 0.675 0.965625 0.675 0.965625 0.673437 0.967188 0.671875 0.967188 0.653125 0.96875 0.651563 0.96875 0.648438 0.970312 0.646875 0.970312 0.645312 0.971875 0.64375 0.971875 0.639063 0.970312 0.6375
0 0.0875 0.24375 0.0859375 0.245312 0.0828125 0.245312 0.0828125 0.246875 0.08125 0.248437 0.0796875 0.248437 0.0640625 0.264062 0.0625 0.264062 0.0625 0.265625 0.0609375 0.267188 0.0609375 0.26875 0.059375 0.270312 0.065625 0.270312 0.06875 0.267188 0.0703125 0.267188 0.0765625 0.260938 0.078125 0.260938 0.0796875 0.259375 0.0796875 0.257812 0.0828125 0.254687 0.084375 0.254687 0.0921875 0.246875 0.0921875 0.245312 0.090625 0.24375
0 0.401563 0.6125 0.4 0.614062 0.396875 0.614062 0.395312 0.615625 0.395312 0.61875 0.39375 0.620313 0.39375 0.623438 0.390625 0.626562 0.389062 0.626562 0.389062 0.629687 0.3875 0.63125 0.3875 0.639063 0.389062 0.640625 0.392188 0.640625 0.39375 0.639063 0.39375 0.634375 0.395312 0.632812 0.395312 0.628125 0.396875 0.626562 0.396875 0.625 0.403125 0.61875 0.403125 0.617188 0.404687 0.615625 0.404687 0.614062 0.403125 0.614062
0 0.171875 0 0.171875 0.003125 0.170312 0.0046875 0.170312 0.00625 0.16875 0.0078125 0.16875 0.009375 0.170312 0.0109375 0.171875 0.0109375 0.173438 0.009375 0.173438 0.00625 0.176563 0.003125 0.189063 0.003125 0.190625 0.0015625 0.190625 0
0 0.745313 0.7375 0.74375 0.739062 0.740625 0.739062 0.740625 0.740625 0.739062 0.742188 0.739062 0.75 0.7375 0.751562 0.7375 0.753125 0.732813 0.757812 0.732813 0.767187 0.734375 0.76875 0.734375 0.765625 0.735937 0.764063 0.735937 0.7625 0.7375 0.760938 0.739062 0.760938 0.739062 0.759375 0.740625 0.757812 0.740625 0.754687 0.746875 0.748438 0.746875 0.746875 0.748438 0.745313 0.748438 0.739062 0.746875 0.7375
0 0.170312 0.639063 0.170312 0.642187 0.167187 0.645312 0.165625 0.645312 0.165625 0.646875 0.164062 0.648438 0.164062 0.65 0.1625 0.651563 0.159375 0.651563 0.157813 0.653125 0.157813 0.660937 0.159375 0.660937 0.160938 0.659375 0.1625 0.659375 0.1625 0.657812 0.164062 0.65625 0.164062 0.654688 0.167187 0.651563 0.16875 0.651563 0.170312 0.65 0.170312 0.648438 0.175 0.64375 0.176563 0.64375 0.178125 0.642187 0.178125 0.639063
0 0.0265625 0.589063 0.025 0.590625 0.025 0.592188 0.0234375 0.59375 0.021875 0.59375 0.0203125 0.595312 0.0203125 0.596875 0.01875 0.598437 0.01875 0.609375 0.0203125 0.610937 0.0203125 0.6125 0.021875 0.6125 0.021875 0.610937 0.0234375 0.609375 0.0234375 0.59375 0.025 0.592188 0.028125 0.592188 0.028125 0.589063
0 0.009375 0.301562 0.00625 0.304688 0.0046875 0.304688 0.003125 0.30625 0 0.30625 0 0.315625 0.003125 0.315625 0.003125 0.314063 0.0046875 0.3125 0.0046875 0.310937 0.00625 0.309375 0.0078125 0.309375 0.009375 0.307813 0.009375 0.30625 0.0109375 0.304688 0.0125 0.304688 0.0140625 0.303125 0.015625 0.303125 0.015625 0.301562
0 0.570312 0.689062 0.56875 0.690625 0.56875 0.69375 0.567187 0.695312 0.567187 0.696875 0.564062 0.7 0.564062 0.701563 0.5625 0.703125 0.5625 0.704687 0.559375 0.707812 0.559375 0.714063 0.559375 0.7125 0.5625 0.709375 0.565625 0.709375 0.565625 0.70625 0.571875 0.7 0.571875 0.698438 0.573438 0.696875 0.573438 0.695312 0.578125 0.690625 0.578125 0.689062
0 0.920313 0.11875 0.920313 0.126563 0.921875 0.126563 0.921875 0.11875
0 0.65 0 0.65 0.00625 0.651563 0.0078125 0.651563 0.009375 0.653125 0.009375 0.653125 0.0078125 0.654688 0.00625 0.654688 0.0046875 0.65625 0.003125 0.65625 0
0 0.995313 0.470313 0.99375 0.471875 0.99375 0.482812 0.992188 0.484375 0.992188 0.485938 0.989062 0.489062 0.989062 0.490625 0.9875 0.492188 0.9875 0.496875 0.989062 0.498437 0.990625 0.498437 0.996875 0.492188 0.998438 0.492188 0.998438 0.470313
0 0.0109375 0.025 0.009375 0.0265625 0.0078125 0.0265625 0.003125 0.03125 0 0.03125 0 0.0421875 0.003125 0.0421875 0.0046875 0.040625 0.0046875 0.0390625 0.0078125 0.0359375 0.009375 0.0359375 0.0109375 0.034375 0.0125 0.034375 0.015625 0.03125 0.0171875 0.03125 0.01875 0.0296875 0.0203125 0.0296875 0.021875 0.028125 0.021875 0.0265625 0.0203125 0.025
0 0.814062 0.9 0.8125 0.901563 0.8125 0.921875 0.814062 0.923437 0.814062 0.926562 0.815625 0.926562 0.815625 0.923437 0.817187 0.921875 0.817187 0.9125 0.81875 0.910937 0.81875 0.907812 0.820312 0.90625 0.820312 0.904688 0.821875 0.903125 0.821875 0.901563 0.820312 0.901563 0.81875 0.9
0 0.364062 0.50625 0.3625 0.507812 0.3625 0.5125 0.360938 0.514063 0.360938 0.515625 0.35625 0.520312 0.35625 0.539062 0.357812 0.540625 0.359375 0.540625 0.360938 0.539062 0.360938 0.529688 0.3625 0.528125 0.3625 0.526563 0.365625 0.523438 0.365625 0.521875 0.367188 0.520312 0.367188 0.514063 0.36875 0.5125 0.36875 0.510938 0.370313 0.509375 0.370313 0.507812 0.36875 0.507812 0.367188 0.50625
0 0.932813 0.407813 0.93125 0.409375 0.93125 0.4125 0.932813 0.414062 0.932813 0.415625 0.934375 0.415625 0.934375 0.414062 0.935938 0.4125 0.935938 0.409375 0.934375 0.407813
0 0.545313 0.532812 0.545313 0.534375 0.54375 0.535937 0.54375 0.546875 0.545313 0.548437 0.545313 0.551562 0.546875 0.551562 0.546875 0.548437 0.548437 0.546875 0.548437 0.540625 0.55 0.539062 0.55 0.5375 0.553125 0.534375 0.553125 0.532812
0 0.0453125 0.7625 0.04375 0.764063 0.04375 0.771875 0.0390625 0.776563 0.0390625 0.779688 0.0375 0.78125 0.0375 0.784375 0.0390625 0.785937 0.0390625 0.7875 0.040625 0.7875 0.040625 0.785937 0.0421875 0.784375 0.0421875 0.778125 0.0453125 0.775 0.046875 0.775 0.046875 0.773438 0.0484375 0.771875 0.0484375 0.767187 0.05 0.765625 0.046875 0.7625
0 0.515625 0.70625 0.5125 0.709375 0.5125 0.714063 0.507812 0.71875 0.507812 0.729688 0.50625 0.73125 0.50625 0.734375 0.507812 0.735937 0.507812 0.739062 0.509375 0.739062 0.509375 0.7375 0.510938 0.735937 0.510938 0.732813 0.515625 0.728125 0.515625 0.723437 0.520312 0.71875 0.520312 0.717188 0.521875 0.715625 0.521875 0.714063 0.523438 0.7125 0.523438 0.710938 0.525 0.709375 0.525 0.707812 0.523438 0.707812 0.521875 0.70625
0 0.120312 0.10625 0.11875 0.107813 0.115625 0.107813 0.114063 0.109375 0.114063 0.1125 0.1125 0.114063 0.1125 0.115625 0.114063 0.117188 0.11875 0.1125 0.120312 0.1125 0.121875 0.110937 0.123438 0.110937 0.123438 0.107813 0.121875 0.10625
0 0.49375 0.76875 0.492188 0.770312 0.489062 0.770312 0.489062 0.782812 0.4875 0.784375 0.4875 0.795313 0.489062 0.796875 0.492188 0.796875 0.492188 0.7875 0.49375 0.785937 0.49375 0.784375 0.496875 0.78125 0.496875 0.778125 0.498437 0.776563 0.498437 0.770312 0.496875 0.76875
0 0.751562 0.875 0.75 0.876562 0.748438 0.876562 0.745313 0.879687 0.745313 0.88125 0.74375 0.882812 0.74375 0.903125 0.746875 0.90625 0.748438 0.904688 0.75 0.904688 0.751562 0.903125 0.753125 0.903125 0.753125 0.9 0.754687 0.898438 0.754687 0.879687 0.75625 0.878125 0.753125 0.875
0 0.096875 0.645312 0.0953125 0.646875 0.0953125 0.648438 0.0875 0.65625 0.0859375 0.65625 0.084375 0.657812 0.0828125 0.657812 0.0828125 0.659375 0.08125 0.660937 0.08125 0.665625 0.0828125 0.667188 0.084375 0.667188 0.0875 0.664062 0.0875 0.6625 0.090625 0.659375 0.090625 0.657812 0.0953125 0.653125 0.096875 0.653125 0.096875 0.651563 0.1 0.648438 0.101562 0.648438 0.103125 0.646875 0.10625 0.646875 0.10625 0.645312
0 0.553125 0.0765625 0.551562 0.078125 0.551562 0.0796875 0.553125 0.08125 0.554688 0.0796875 0.55625 0.0796875 0.557813 0.078125 0.557813 0.0765625
0 0.532812 0.29375 0.529688 0.296875 0.529688 0.298438 0.528125 0.3 0.526563 0.3 0.525 0.301562 0.525 0.303125 0.520312 0.307813 0.520312 0.309375 0.521875 0.310937 0.523438 0.309375 0.528125 0.309375 0.528125 0.307813 0.539062 0.296875 0.539062 0.295312 0.535937 0.295312 0.534375 0.29375
0 0.0453125 0.6875 0.0421875 0.690625 0.0421875 0.692187 0.040625 0.69375 0.0390625 0.69375 0.0375 0.695312 0.0375 0.696875 0.0328125 0.701563 0.0328125 0.709375 0.034375 0.709375 0.0390625 0.704687 0.040625 0.704687 0.040625 0.703125 0.0484375 0.695312 0.0484375 0.69375 0.0515625 0.690625 0.053125 0.690625 0.053125 0.689062 0.05 0.689062 0.0484375 0.6875
0 0.757812 0.3625 0.75625 0.364062 0.75625 0.370313 0.757812 0.371875 0.757812 0.373437 0.759375 0.373437 0.759375 0.371875 0.760938 0.370313 0.760938 0.364062 0.759375 0.3625
0 0.0125 0.925 0.0109375 0.926562 0.0078125 0.926562 0.0078125 0.928125 0.00625 0.929688 0.00625 0.934375 0.0078125 0.935938 0.009375 0.935938 0.0109375 0.934375 0.0109375 0.932813 0.015625 0.928125 0.015625 0.926562 0.0140625 0.925
0 0.832812 0.28125 0.83125 0.282813 0.83125 0.284375 0.826563 0.289062 0.826563 0.290625 0.825 0.292188 0.825 0.301562 0.826563 0.303125 0.826563 0.304688 0.828125 0.304688 0.829687 0.303125 0.829687 0.298438 0.83125 0.296875 0.83125 0.295312 0.832812 0.29375 0.832812 0.292188 0.835938 0.289062 0.835938 0.282813 0.834375 0.28125
0 0.576563 0.8 0.575 0.801562 0.575 0.803125 0.570312 0.807813 0.570312 0.809375 0.56875 0.810938 0.56875 0.821875 0.570312 0.823438 0.571875 0.823438 0.573438 0.821875 0.573438 0.81875 0.575 0.817187 0.575 0.814062 0.576563 0.8125 0.578125 0.8125 0.578125 0.810938 0.579687 0.809375 0.579687 0.80625 0.58125 0.804688 0.58125 0.801562 0.579687 0.801562 0.578125 0.8
0 0.726562 0.60625 0.725 0.607813 0.725 0.626562 0.726562 0.628125 0.726562 0.632812 0.728125 0.632812 0.728125 0.629687 0.729688 0.628125 0.729688 0.615625 0.73125 0.614062 0.73125 0.610937 0.732813 0.609375 0.73125 0.607813 0.729688 0.607813 0.728125 0.60625
0 0.464063 0.7 0.4625 0.701563 0.460938 0.701563 0.457812 0.704687 0.457812 0.70625 0.45625 0.707812 0.45625 0.710938 0.453125 0.714063 0.453125 0.715625 0.451562 0.717188 0.451562 0.71875 0.45 0.720312 0.45 0.721875 0.451562 0.723437 0.451562 0.726562 0.453125 0.726562 0.453125 0.725 0.460938 0.717188 0.460938 0.714063 0.465625 0.709375 0.465625 0.707812 0.467187 0.70625 0.467187 0.701563 0.465625 0.7
0 0.582812 0.61875 0.58125 0.620313 0.579687 0.620313 0.578125 0.621875 0.578125 0.625 0.576563 0.626562 0.576563 0.642187 0.578125 0.642187 0.578125 0.634375 0.579687 0.632812 0.579687 0.63125 0.58125 0.629687 0.582812 0.629687 0.584375 0.628125 0.584375 0.626562 0.585938 0.625 0.585938 0.620313 0.584375 0.61875
0 0.776563 0.35625 0.775 0.357812 0.775 0.359375 0.773438 0.360938 0.773438 0.3625 0.770312 0.365625 0.770312 0.367188 0.767187 0.370313 0.767187 0.375 0.771875 0.375 0.771875 0.373437 0.773438 0.371875 0.773438 0.370313 0.776563 0.367188 0.778125 0.367188 0.779688 0.365625 0.779688 0.364062 0.78125 0.3625 0.78125 0.360938 0.782812 0.359375 0.784375 0.359375 0.784375 0.357812 0.78125 0.357812 0.779688 0.35625
0 0.2875 0 0.2875 0.003125 0.289062 0.0046875 0.292188 0.0046875 0.29375 0.003125 0.295312 0.003125 0.296875 0.0015625 0.296875 0
0 0.395312 0.41875 0.39375 0.420312 0.392188 0.420312 0.389062 0.423438 0.389062 0.425 0.3875 0.426562 0.3875 0.432813 0.382812 0.4375 0.382812 0.446875 0.384375 0.448438 0.384375 0.445312 0.385938 0.44375 0.385938 0.442187 0.3875 0.440625 0.3875 0.439063 0.390625 0.435937 0.390625 0.434375 0.392188 0.432813 0.392188 0.43125 0.395312 0.428125 0.395312 0.426562 0.396875 0.425 0.396875 0.423438 0.398438 0.421875 0.398438 0.420312 0.396875 0.420312
0 0.526563 0.53125 0.525 0.532812 0.525 0.554688 0.526563 0.55625 0.526563 0.559375 0.528125 0.559375 0.528125 0.55625 0.529688 0.554688 0.529688 0.535937 0.53125 0.534375 0.53125 0.532812 0.529688 0.532812 0.528125 0.53125
0 0.876562 0.5125 0.873438 0.515625 0.873438 0.521875 0.875 0.523438 0.878125 0.523438 0.878125 0.521875 0.879687 0.520312 0.879687 0.514063 0.878125 0.5125
0 0.757812 0.532812 0.757812 0.540625 0.754687 0.54375 0.753125 0.54375 0.751562 0.545313 0.751562 0.554688 0.753125 0.554688 0.753125 0.553125 0.754687 0.551562 0.754687 0.55 0.759375 0.545313 0.759375 0.54375 0.7625 0.540625 0.765625 0.540625 0.765625 0.5375 0.76875 0.534375 0.767187 0.532812
0 0.725 0.84375 0.723437 0.845312 0.721875 0.845312 0.721875 0.846875 0.720312 0.848437 0.720312 0.85 0.71875 0.851562 0.71875 0.859375 0.720312 0.860937 0.721875 0.860937 0.723437 0.859375 0.723437 0.857813 0.725 0.85625 0.725 0.854688 0.726562 0.853125 0.728125 0.853125 0.728125 0.85 0.729688 0.848437 0.729688 0.845312 0.728125 0.84375
0 0.470313 0.94375 0.46875 0.945312 0.465625 0.945312 0.4625 0.948438 0.4625 0.951563 0.460938 0.953125 0.460938 0.954687 0.459375 0.95625 0.459375 0.957812 0.457812 0.959375 0.457812 0.965625 0.459375 0.965625 0.460938 0.964063 0.4625 0.964063 0.467187 0.959375 0.467187 0.954687 0.46875 0.953125 0.46875 0.951563 0.473437 0.946875 0.473437 0.945312 0.471875 0.945312
0 0.689062 0.51875 0.68125 0.526563 0.68125 0.540625 0.682813 0.542188 0.682813 0.54375 0.684375 0.54375 0.685938 0.542188 0.685938 0.539062 0.6875 0.5375 0.6875 0.535937 0.690625 0.532812 0.690625 0.53125 0.692187 0.529688 0.692187 0.520312 0.690625 0.51875
0 0.951563 0 0.951563 0.003125 0.945312 0.009375 0.945312 0.015625 0.946875 0.015625 0.946875 0.0140625 0.948438 0.0125 0.948438 0.0109375 0.95 0.009375 0.951563 0.009375 0.953125 0.0078125 0.953125 0.00625 0.95625 0.003125 0.959375 0.003125 0.959375 0
0 0.245312 0.851562 0.24375 0.853125 0.24375 0.85625 0.245312 0.857813 0.24375 0.859375 0.24375 0.860937 0.242188 0.8625 0.240625 0.8625 0.239063 0.864062 0.239063 0.879687 0.240625 0.88125 0.240625 0.879687 0.24375 0.876562 0.24375 0.871875 0.245312 0.870313 0.245312 0.864062 0.25 0.859375 0.25 0.857813 0.251563 0.85625 0.251563 0.851562
0 0.989062 0.707812 0.9875 0.709375 0.9875 0.728125 0.989062 0.729688 0.989062 0.732813 0.990625 0.732813 0.990625 0.729688 0.992188 0.728125 0.992188 0.709375 0.990625 0.707812
0 0.475 0.382812 0.475 0.385938 0.473437 0.3875 0.471875 0.3875 0.470313 0.389062 0.470313 0.392188 0.471875 0.392188 0.476562 0.3875 0.478125 0.3875 0.479688 0.385938 0.479688 0.382812
0 0.334375 0.920313 0.332812 0.921875 0.332812 0.940625 0.334375 0.940625 0.334375 0.934375 0.335938 0.932813 0.335938 0.93125 0.3375 0.929688 0.339063 0.929688 0.340625 0.928125 0.340625 0.923437 0.342187 0.921875 0.340625 0.920313
0 0.615625 0.251563 0.615625 0.253125 0.614062 0.254687 0.614062 0.2625 0.6125 0.264062 0.614062 0.265625 0.615625 0.265625 0.617188 0.264062 0.617188 0.260938 0.61875 0.259375 0.61875 0.254687 0.617188 0.253125 0.617188 0.251563
0 0.882812 0.1 0.88125 0.101562 0.88125 0.103125 0.882812 0.104687 0.882812 0.10625 0.885938 0.10625 0.8875 0.104687 0.890625 0.104687 0.892187 0.103125 0.903125 0.103125 0.903125 0.101562 0.890625 0.101562 0.889063 0.1
0 0.414062 0.60625 0.4125 0.607813 0.4125 0.623438 0.414062 0.625 0.414062 0.628125 0.415625 0.629687 0.415625 0.626562 0.417188 0.625 0.417188 0.620313 0.41875 0.61875 0.41875 0.617188 0.420312 0.615625 0.420312 0.614062 0.421875 0.6125 0.421875 0.610937 0.423438 0.609375 0.420312 0.60625
0 0.0203125 0.56875 0.01875 0.570312 0.01875 0.573438 0.0203125 0.575 0.0203125 0.576563 0.021875 0.578125 0.021875 0.576563 0.0234375 0.575 0.025 0.575 0.0265625 0.573438 0.03125 0.573438 0.0328125 0.571875 0.034375 0.571875 0.034375 0.570312 0.0328125 0.570312 0.03125 0.56875
0 0.995313 0.86875 0.99375 0.870313 0.99375 0.901563 0.996875 0.904688 0.998438 0.904688 0.998438 0.86875
0 0.370313 0.707812 0.370313 0.725 0.371875 0.725 0.371875 0.71875 0.373437 0.717188 0.373437 0.715625 0.375 0.714063 0.375 0.7125 0.376563 0.710938 0.376563 0.707812
0 0.601562 0.14375 0.6 0.145313 0.6 0.146875 0.596875 0.15 0.595312 0.15 0.59375 0.151562 0.59375 0.153125 0.5875 0.159375 0.5875 0.165625 0.589063 0.167187 0.590625 0.167187 0.592188 0.165625 0.592188 0.164062 0.595312 0.160938 0.596875 0.160938 0.598437 0.159375 0.598437 0.157813 0.601562 0.154687 0.603125 0.154687 0.604688 0.153125 0.604688 0.151562 0.609375 0.146875 0.609375 0.145313 0.607813 0.14375
0 0.414062 0.76875 0.4125 0.770312 0.410937 0.770312 0.409375 0.771875 0.409375 0.773438 0.407813 0.775 0.407813 0.776563 0.40625 0.778125 0.40625 0.789062 0.407813 0.790625 0.407813 0.801562 0.409375 0.801562 0.409375 0.79375 0.410937 0.792188 0.410937 0.785937 0.4125 0.784375 0.4125 0.78125 0.414062 0.779688 0.414062 0.778125 0.415625 0.776563 0.415625 0.775 0.417188 0.773438 0.417188 0.770312 0.415625 0.770312
0 0.895312 0.832812 0.895312 0.859375 0.89375 0.860937 0.89375 0.864062 0.896875 0.867188 0.9 0.864062 0.9 0.857813 0.901563 0.85625 0.901563 0.854688 0.903125 0.853125 0.903125 0.832812
0
0 0.264062 0.475 0.2625 0.476562 0.2625 0.490625 0.264062 0.492188 0.264062 0.49375 0.265625 0.49375 0.265625 0.492188 0.267188 0.490625 0.267188 0.484375 0.26875 0.482812 0.26875 0.479688 0.270312 0.478125 0.270312 0.476562 0.267188 0.476562 0.265625 0.475
0 0.985937 0.364062 0.982813 0.367188 0.982813 0.373437 0.984375 0.375 0.984375 0.376563 0.984375 0.375 0.989062 0.370313 0.989062 0.367188 0.990625 0.365625 0.989062 0.364062
0 0.7875 0.95 0.785937 0.951563 0.784375 0.951563 0.782812 0.953125 0.782812 0.95625 0.78125 0.957812 0.78125 0.965625 0.782812 0.967188 0.784375 0.967188 0.785937 0.965625 0.785937 0.964063 0.790625 0.959375 0.790625 0.95625 0.792188 0.954687 0.792188 0.953125 0.789062 0.95
0 0.939062 0.4 0.9375 0.401563 0.9375 0.410937 0.939062 0.4125 0.939062 0.415625 0.940625 0.415625 0.940625 0.414062 0.942187 0.4125 0.942187 0.410937 0.94375 0.409375 0.94375 0.407813 0.946875 0.404687 0.946875 0.401563 0.945312 0.401563 0.94375 0.4
0 0.951563 0.80625 0.95 0.807813 0.95 0.820312 0.951563 0.821875 0.953125 0.821875 0.954687 0.820312 0.954687 0.807813 0.953125 0.80625
0 0.551562 0.95625 0.55 0.957812 0.55 0.965625 0.553125 0.96875 0.55625 0.965625 0.55625 0.964063 0.560938 0.959375 0.560938 0.957812 0.557813 0.957812 0.55625 0.95625
