0 0.382812 0.28125 0.375 0.289062 0.375 0.290625 0.370313 0.295312 0.370313 0.296875 0.36875 0.298438 0.36875 0.301562 0.3625 0.307813 0.3625 0.315625 0.364062 0.317187 0.36875 0.317187 0.370313 0.315625 0.371875 0.315625 0.371875 0.314063 0.373437 0.3125 0.373437 0.309375 0.379687 0.303125 0.379687 0.301562 0.385938 0.295312 0.385938 0.292188 0.3875 0.290625 0.3875 0.289062 0.390625 0.285937 0.390625 0.282813 0.389062 0.28125
0 0.0390625 0.66875 0.025 0.682813 0.025 0.684375 0.021875 0.6875 0.0203125 0.6875 0.01875 0.689062 0.01875 0.698438 0.0203125 0.7 0.0203125 0.701563 0.021875 0.701563 0.0234375 0.7 0.025 0.7 0.0265625 0.698438 0.028125 0.698438 0.0296875 0.696875 0.0296875 0.695312 0.0359375 0.689062 0.0359375 0.6875 0.0421875 0.68125 0.0421875 0.679688 0.0484375 0.673437 0.0484375 0.670313 0.046875 0.66875
0 0.407813 0.20625 0.401563 0.2125 0.4 0.2125 0.398438 0.214062 0.396875 0.214062 0.392188 0.21875 0.389062 0.21875 0.3875 0.220313 0.3875 0.221875 0.384375 0.225 0.382812 0.225 0.38125 0.226562 0.38125 0.234375 0.382812 0.235938 0.384375 0.235938 0.389062 0.23125 0.390625 0.23125 0.392188 0.229687 0.39375 0.229687 0.395312 0.228125 0.396875 0.228125 0.401563 0.223438 0.403125 0.223438 0.409375 0.217187 0.410937 0.217187 0.4125 0.215625 0.414062 0.215625 0.415625 0.214062 0.415625 0.2125 0.41875 0.209375 0.41875 0.207813 0.417188 0.207813 0.415625 0.20625
0 0.770312 0.30625 0.764063 0.3125 0.764063 0.314063 0.7625 0.315625 0.7625 0.31875 0.760938 0.320312 0.760938 0.321875 0.75625 0.326562 0.75625 0.332812 0.75 0.339063 0.75 0.351562 0.751562 0.353125 0.753125 0.353125 0.754687 0.351562 0.754687 0.35 0.75625 0.348437 0.75625 0.346875 0.759375 0.34375 0.759375 0.342187 0.760938 0.340625 0.760938 0.339063 0.765625 0.334375 0.765625 0.332812 0.767187 0.33125 0.767187 0.326562 0.771875 0.321875 0.771875 0.320312 0.773438 0.31875 0.773438 0.314063 0.778125 0.309375 0.778125 0.307813 0.776563 0.307813 0.775 0.30625
0 0.0953125 0.50625 0.0921875 0.509375 0.0921875 0.510938 0.0875 0.515625 0.0875 0.520312 0.08125 0.526563 0.08125 0.534375 0.0828125 0.535937 0.0828125 0.5375 0.090625 0.5375 0.090625 0.535937 0.0921875 0.534375 0.0921875 0.53125 0.09375 0.529688 0.09375 0.528125 0.096875 0.525 0.096875 0.523438 0.0984375 0.521875 0.0984375 0.51875 0.103125 0.514063 0.103125 0.5125 0.104687 0.510938 0.104687 0.507812 0.103125 0.50625
0 0.301562 0.21875 0.3 0.220313 0.3 0.223438 0.295312 0.228125 0.295312 0.229687 0.29375 0.23125 0.29375 0.246875 0.295312 0.248437 0.296875 0.248437 0.298438 0.246875 0.298438 0.24375 0.3 0.242188 0.3 0.240625 0.304688 0.235938 0.304688 0.232812 0.307813 0.229687 0.309375 0.229687 0.310937 0.228125 0.310937 0.223438 0.3125 0.221875 0.3125 0.220313 0.310937 0.220313 0.309375 0.21875
0 0.401563 0.925 0.39375 0.932813 0.39375 0.935938 0.389062 0.940625 0.389062 0.942187 0.3875 0.94375 0.3875 0.953125 0.389062 0.954687 0.392188 0.954687 0.398438 0.948438 0.398438 0.945312 0.401563 0.942187 0.403125 0.942187 0.403125 0.940625 0.404687 0.939062 0.404687 0.9375 0.40625 0.935938 0.40625 0.934375 0.409375 0.93125 0.409375 0.926562 0.407813 0.925
0 0.220313 0.5 0.21875 0.501562 0.21875 0.503125 0.2125 0.509375 0.2125 0.514063 0.20625 0.520312 0.20625 0.532812 0.207813 0.534375 0.209375 0.534375 0.217187 0.526563 0.217187 0.521875 0.223438 0.515625 0.223438 0.5125 0.228125 0.507812 0.228125 0.50625 0.229687 0.504687 0.229687 0.501562 0.228125 0.5
0 0.395312 0.8375 0.39375 0.839063 0.39375 0.840625 0.389062 0.845312 0.389062 0.846875 0.3875 0.848437 0.3875 0.85 0.385938 0.851562 0.385938 0.853125 0.384375 0.854688 0.382812 0.854688 0.382812 0.85625 0.38125 0.857813 0.38125 0.859375 0.378125 0.8625 0.376563 0.8625 0.375 0.864062 0.375 0.876562 0.376563 0.878125 0.378125 0.878125 0.385938 0.870313 0.385938 0.86875 0.3875 0.867188 0.3875 0.865625 0.392188 0.860937 0.392188 0.857813 0.395312 0.854688 0.396875 0.854688 0.398438 0.853125 0.398438 0.851562 0.4 0.85 0.4 0.848437 0.401563 0.846875 0.403125 0.846875 0.403125 0.845312 0.404687 0.84375 0.404687 0.842188 0.40625 0.840625 0.403125 0.8375
0 0.129688 0.69375 0.128125 0.695312 0.126563 0.695312 0.125 0.696875 0.125 0.698438 0.120312 0.703125 0.120312 0.704687 0.117188 0.707812 0.117188 0.709375 0.115625 0.710938 0.114063 0.710938 0.1125 0.7125 0.1125 0.714063 0.10625 0.720312 0.10625 0.728125 0.109375 0.73125 0.110937 0.73125 0.1125 0.729688 0.115625 0.729688 0.115625 0.728125 0.121875 0.721875 0.121875 0.720312 0.125 0.717188 0.125 0.715625 0.13125 0.709375 0.13125 0.707812 0.1375 0.701563 0.1375 0.7 0.140625 0.696875 0.140625 0.695312 0.139062 0.695312 0.1375 0.69375
0 0.457812 0.95625 0.45625 0.957812 0.45625 0.959375 0.453125 0.9625 0.453125 0.964063 0.451562 0.965625 0.451562 0.967188 0.45 0.96875 0.45 0.973437 0.448438 0.975 0.448438 0.976562 0.445312 0.979688 0.445312 0.98125 0.44375 0.982813 0.44375 0.992188 0.445312 0.99375 0.445312 0.998438 0.453125 0.998438 0.453125 0.99375 0.454688 0.992188 0.454688 0.9875 0.45625 0.985937 0.45625 0.982813 0.459375 0.979688 0.459375 0.978125 0.460938 0.976562 0.460938 0.970312 0.4625 0.96875 0.4625 0.967188 0.465625 0.964063 0.465625 0.960938 0.467187 0.959375 0.467187 0.957812 0.465625 0.95625
0 0.151562 0.39375 0.15 0.395312 0.15 0.4 0.148438 0.401563 0.148438 0.403125 0.14375 0.407813 0.14375 0.428125 0.145313 0.429688 0.146875 0.429688 0.148438 0.428125 0.148438 0.423438 0.15 0.421875 0.15 0.420312 0.154687 0.415625 0.154687 0.409375 0.160938 0.403125 0.160938 0.395312 0.159375 0.39375
0 0.189063 0.0125 0.18125 0.0203125 0.18125 0.021875 0.176563 0.0265625 0.176563 0.028125 0.175 0.0296875 0.175 0.040625 0.176563 0.0421875 0.178125 0.0421875 0.179688 0.040625 0.179688 0.0390625 0.182812 0.0359375 0.184375 0.0359375 0.184375 0.034375 0.185937 0.0328125 0.185937 0.03125 0.1875 0.0296875 0.1875 0.028125 0.192188 0.0234375 0.192188 0.0203125 0.196875 0.015625 0.196875 0.0140625 0.195312 0.0125
0 0.296875 0.04375 0.29375 0.046875 0.29375 0.0484375 0.289062 0.053125 0.289062 0.0546875 0.2875 0.05625 0.2875 0.065625 0.289062 0.0671875 0.289062 0.06875 0.292188 0.06875 0.29375 0.0671875 0.296875 0.0671875 0.296875 0.065625 0.298438 0.0640625 0.298438 0.0625 0.303125 0.0578125 0.303125 0.05625 0.304688 0.0546875 0.304688 0.053125 0.30625 0.0515625 0.30625 0.05 0.309375 0.046875 0.309375 0.0453125 0.307813 0.0453125 0.30625 0.04375
0 0.879687 0.45625 0.878125 0.457812 0.876562 0.457812 0.876562 0.459375 0.875 0.460938 0.875 0.485938 0.876562 0.4875 0.876562 0.489062 0.878125 0.489062 0.878125 0.4875 0.879687 0.485938 0.879687 0.476562 0.88125 0.475 0.88125 0.473437 0.884375 0.470313 0.884375 0.46875 0.885938 0.467187 0.885938 0.457812 0.884375 0.45625
0 0.335938 0.1 0.334375 0.101562 0.332812 0.101562 0.332812 0.103125 0.33125 0.104687 0.33125 0.107813 0.325 0.114063 0.325 0.121875 0.326562 0.123438 0.33125 0.123438 0.332812 0.121875 0.334375 0.121875 0.334375 0.120312 0.335938 0.11875 0.335938 0.114063 0.339063 0.110937 0.340625 0.110937 0.342187 0.109375 0.342187 0.104687 0.34375 0.103125 0.340625 0.1
0 0.320312 0.3125 0.31875 0.314063 0.31875 0.315625 0.3125 0.321875 0.3125 0.334375 0.314063 0.335938 0.314063 0.3375 0.315625 0.3375 0.315625 0.335938 0.317187 0.334375 0.317187 0.332812 0.323438 0.326562 0.323438 0.321875 0.325 0.320312 0.325 0.31875 0.326562 0.317187 0.328125 0.317187 0.328125 0.314063 0.326562 0.3125
0 0.23125 0.0375 0.229687 0.0390625 0.228125 0.0390625 0.226562 0.040625 0.226562 0.04375 0.225 0.0453125 0.225 0.0640625 0.226562 0.065625 0.228125 0.065625 0.229687 0.0640625 0.229687 0.059375 0.23125 0.0578125 0.23125 0.05625 0.235938 0.0515625 0.235938 0.0453125 0.240625 0.040625 0.240625 0.0390625 0.239063 0.0390625 0.2375 0.0375
0 0.407813 0.41875 0.40625 0.420312 0.40625 0.421875 0.404687 0.423438 0.404687 0.425 0.403125 0.426562 0.401563 0.426562 0.401563 0.428125 0.4 0.429688 0.4 0.432813 0.39375 0.439063 0.39375 0.446875 0.395312 0.448438 0.395312 0.45 0.398438 0.45 0.4 0.448438 0.403125 0.448438 0.403125 0.446875 0.404687 0.445312 0.404687 0.442187 0.40625 0.440625 0.40625 0.439063 0.410937 0.434375 0.410937 0.432813 0.417188 0.426562 0.417188 0.420312 0.415625 0.41875
0 0.59375 0.375 0.592188 0.376563 0.590625 0.376563 0.589063 0.378125 0.589063 0.38125 0.5875 0.382812 0.5875 0.384375 0.58125 0.390625 0.58125 0.392188 0.579687 0.39375 0.579687 0.395312 0.575 0.4 0.573438 0.4 0.570312 0.403125 0.570312 0.404687 0.56875 0.40625 0.56875 0.410937 0.570312 0.4125 0.570312 0.414062 0.571875 0.414062 0.573438 0.4125 0.575 0.4125 0.576563 0.410937 0.578125 0.410937 0.592188 0.396875 0.592188 0.395312 0.598437 0.389062 0.598437 0.3875 0.603125 0.382812 0.603125 0.376563 0.601562 0.375
0 0.540625 0.5125 0.5375 0.515625 0.5375 0.521875 0.532812 0.526563 0.532812 0.528125 0.53125 0.529688 0.53125 0.546875 0.532812 0.548437 0.534375 0.548437 0.535937 0.546875 0.535937 0.542188 0.5375 0.540625 0.5375 0.539062 0.542188 0.534375 0.542188 0.529688 0.54375 0.528125 0.54375 0.526563 0.548437 0.521875 0.548437 0.517187 0.55 0.515625 0.546875 0.5125
0 0.676562 0.1375 0.675 0.139062 0.675 0.140625 0.670313 0.145313 0.670313 0.146875 0.66875 0.148438 0.66875 0.153125 0.667188 0.154687 0.667188 0.15625 0.664062 0.159375 0.664062 0.160938 0.6625 0.1625 0.6625 0.178125 0.664062 0.179688 0.665625 0.179688 0.667188 0.178125 0.667188 0.175 0.670313 0.171875 0.670313 0.170312 0.673437 0.167187 0.673437 0.164062 0.675 0.1625 0.675 0.160938 0.678125 0.157813 0.678125 0.15625 0.679688 0.154687 0.679688 0.151562 0.68125 0.15 0.68125 0.148438 0.684375 0.145313 0.684375 0.142188 0.685938 0.140625 0.685938 0.139062 0.684375 0.1375
0 0.807813 0.39375 0.80625 0.395312 0.80625 0.426562 0.807813 0.428125 0.809375 0.428125 0.810938 0.426562 0.810938 0.415625 0.8125 0.414062 0.8125 0.410937 0.815625 0.407813 0.815625 0.404687 0.817187 0.403125 0.817187 0.395312 0.815625 0.39375
0 0.3 0.91875 0.298438 0.920313 0.296875 0.920313 0.295312 0.921875 0.295312 0.923437 0.29375 0.925 0.29375 0.928125 0.292188 0.929688 0.292188 0.93125 0.289062 0.934375 0.289062 0.935938 0.2875 0.9375 0.2875 0.939062 0.28125 0.945312 0.28125 0.953125 0.284375 0.95625 0.2875 0.95625 0.289062 0.957812 0.290625 0.957812 0.290625 0.95625 0.292188 0.954687 0.292188 0.953125 0.296875 0.948438 0.296875 0.946875 0.298438 0.945312 0.298438 0.940625 0.304688 0.934375 0.304688 0.929688 0.30625 0.928125 0.30625 0.926562 0.309375 0.923437 0.309375 0.920313 0.307813 0.91875
0 0.232812 0.8625 0.225 0.870313 0.225 0.871875 0.221875 0.875 0.220313 0.875 0.21875 0.876562 0.21875 0.889063 0.220313 0.890625 0.221875 0.890625 0.229687 0.882812 0.229687 0.88125 0.232812 0.878125 0.232812 0.876562 0.2375 0.871875 0.2375 0.870313 0.240625 0.867188 0.242188 0.867188 0.242188 0.864062 0.240625 0.8625
0 0.439063 0.6 0.43125 0.607813 0.43125 0.609375 0.425 0.615625 0.425 0.623438 0.426562 0.625 0.426562 0.626562 0.428125 0.626562 0.429688 0.625 0.43125 0.625 0.432813 0.623438 0.434375 0.623438 0.435937 0.621875 0.435937 0.620313 0.440625 0.615625 0.440625 0.614062 0.442187 0.6125 0.442187 0.610937 0.448438 0.604688 0.448438 0.601562 0.446875 0.6
0 0.64375 0.25625 0.642187 0.257812 0.640625 0.257812 0.639063 0.259375 0.639063 0.260938 0.6375 0.2625 0.6375 0.265625 0.635938 0.267188 0.635938 0.26875 0.632812 0.271875 0.632812 0.273438 0.63125 0.275 0.63125 0.2875 0.632812 0.289062 0.632812 0.290625 0.634375 0.290625 0.634375 0.289062 0.635938 0.2875 0.635938 0.285937 0.640625 0.28125 0.640625 0.279687 0.642187 0.278125 0.642187 0.275 0.645312 0.271875 0.645312 0.270312 0.648438 0.267188 0.648438 0.264062 0.65 0.2625 0.65 0.260938 0.651563 0.259375 0.651563 0.257812 0.65 0.257812 0.648438 0.25625
0 0.907812 0.60625 0.90625 0.607813 0.90625 0.6125 0.904688 0.614062 0.904688 0.615625 0.901563 0.61875 0.901563 0.620313 0.9 0.621875 0.9 0.625 0.898438 0.626562 0.898438 0.628125 0.89375 0.632812 0.89375 0.642187 0.895312 0.64375 0.895312 0.645312 0.896875 0.646875 0.898438 0.646875 0.9 0.645312 0.901563 0.645312 0.904688 0.642187 0.904688 0.639063 0.90625 0.6375 0.90625 0.635938 0.909375 0.632812 0.909375 0.63125 0.910937 0.629687 0.910937 0.625 0.9125 0.623438 0.9125 0.621875 0.915625 0.61875 0.915625 0.617188 0.917188 0.615625 0.917188 0.6125 0.91875 0.610937 0.91875 0.607813 0.917188 0.607813 0.915625 0.60625
0 0.132812 0.2875 0.13125 0.289062 0.129688 0.289062 0.126563 0.292188 0.126563 0.29375 0.125 0.295312 0.125 0.296875 0.11875 0.303125 0.11875 0.304688 0.117188 0.30625 0.115625 0.30625 0.1125 0.309375 0.1125 0.315625 0.114063 0.317187 0.114063 0.320312 0.115625 0.320312 0.11875 0.317187 0.120312 0.317187 0.121875 0.315625 0.121875 0.314063 0.123438 0.3125 0.123438 0.310937 0.125 0.309375 0.126563 0.309375 0.128125 0.307813 0.128125 0.30625 0.129688 0.304688 0.129688 0.303125 0.135937 0.296875 0.135937 0.295312 0.140625 0.290625 0.140625 0.289062 0.139062 0.289062 0.1375 0.2875
0 0.595312 0.225 0.59375 0.226562 0.59375 0.228125 0.592188 0.229687 0.590625 0.229687 0.589063 0.23125 0.585938 0.23125 0.584375 0.232812 0.582812 0.232812 0.582812 0.234375 0.58125 0.235938 0.58125 0.246875 0.584375 0.25 0.585938 0.248437 0.590625 0.248437 0.590625 0.246875 0.592188 0.245312 0.592188 0.2375 0.59375 0.235938 0.59375 0.232812 0.596875 0.229687 0.596875 0.225
0 0.0828125 0.60625 0.08125 0.607813 0.0796875 0.607813 0.075 0.6125 0.0734375 0.6125 0.071875 0.614062 0.0703125 0.614062 0.0703125 0.615625 0.06875 0.617188 0.06875 0.625 0.0703125 0.626562 0.0703125 0.628125 0.071875 0.628125 0.0765625 0.623438 0.078125 0.623438 0.090625 0.610937 0.0921875 0.610937 0.09375 0.609375 0.09375 0.607813 0.0921875 0.607813 0.090625 0.60625
0 0.270312 0.126563 0.270312 0.132812 0.26875 0.134375 0.26875 0.153125 0.270312 0.154687 0.278125 0.154687 0.279687 0.153125 0.279687 0.15 0.278125 0.148438 0.278125 0.146875 0.275 0.14375 0.275 0.142188 0.273438 0.140625 0.273438 0.134375 0.271875 0.132812 0.271875 0.126563
0 0.932813 0.38125 0.93125 0.382812 0.929688 0.382812 0.929688 0.384375 0.925 0.389062 0.925 0.407813 0.926562 0.409375 0.929688 0.409375 0.929688 0.407813 0.93125 0.40625 0.93125 0.404687 0.934375 0.401563 0.934375 0.4 0.935938 0.398438 0.935938 0.389062 0.9375 0.3875 0.9375 0.385938 0.939062 0.384375 0.939062 0.382812 0.9375 0.382812 0.935938 0.38125
0 0.8125 0.1125 0.810938 0.114063 0.809375 0.114063 0.807813 0.115625 0.807813 0.117188 0.80625 0.11875 0.80625 0.125 0.804688 0.126563 0.804688 0.134375 0.801562 0.1375 0.801562 0.140625 0.803125 0.140625 0.803125 0.1375 0.80625 0.134375 0.809375 0.134375 0.809375 0.13125 0.810938 0.129688 0.810938 0.126563 0.814062 0.123438 0.815625 0.123438 0.817187 0.121875 0.817187 0.11875 0.820312 0.115625 0.820312 0.114063 0.81875 0.114063 0.817187 0.1125
0 0.2875 0.5625 0.285937 0.564062 0.284375 0.564062 0.282813 0.565625 0.282813 0.56875 0.28125 0.570312 0.28125 0.576563 0.279687 0.578125 0.279687 0.579687 0.276563 0.582812 0.276563 0.584375 0.275 0.585938 0.275 0.598437 0.276563 0.6 0.276563 0.601562 0.284375 0.601562 0.284375 0.6 0.285937 0.598437 0.285937 0.592188 0.2875 0.590625 0.2875 0.589063 0.290625 0.585938 0.290625 0.582812 0.292188 0.58125 0.292188 0.573438 0.29375 0.571875 0.29375 0.56875 0.296875 0.565625 0.296875 0.564062 0.295312 0.564062 0.29375 0.5625
0 0.578125 0.35625 0.575 0.359375 0.575 0.367188 0.573438 0.36875 0.573438 0.371875 0.570312 0.375 0.570312 0.378125 0.56875 0.379687 0.56875 0.395312 0.570312 0.396875 0.570312 0.398438 0.571875 0.398438 0.573438 0.396875 0.575 0.396875 0.578125 0.39375 0.578125 0.392188 0.579687 0.390625 0.579687 0.384375 0.58125 0.382812 0.58125 0.38125 0.584375 0.378125 0.584375 0.375 0.585938 0.373437 0.585938 0.365625 0.5875 0.364062 0.5875 0.360938 0.589063 0.359375 0.585938 0.35625
0 0.395312 0.0703125 0.395312 0.071875 0.392188 0.075 0.390625 0.075 0.3875 0.078125 0.3875 0.0796875 0.385938 0.08125 0.384375 0.08125 0.38125 0.084375 0.38125 0.0859375 0.378125 0.0890625 0.376563 0.0890625 0.376563 0.0921875 0.375 0.09375 0.375 0.1 0.376563 0.101562 0.376563 0.103125 0.378125 0.103125 0.382812 0.0984375 0.384375 0.0984375 0.385938 0.096875 0.385938 0.0953125 0.392188 0.0890625 0.392188 0.0859375 0.39375 0.084375 0.39375 0.0828125 0.395312 0.08125 0.395312 0.0796875 0.398438 0.0765625 0.4 0.0765625 0.404687 0.071875 0.404687 0.0703125
0 0.873438 0.5125 0.871875 0.514063 0.870313 0.514063 0.86875 0.515625 0.86875 0.520312 0.8625 0.526563 0.8625 0.535937 0.864062 0.5375 0.864062 0.539062 0.865625 0.539062 0.871875 0.532812 0.871875 0.53125 0.873438 0.529688 0.873438 0.526563 0.879687 0.520312 0.879687 0.517187 0.88125 0.515625 0.878125 0.5125
0 0.464063 0.78125 0.4625 0.782812 0.460938 0.782812 0.460938 0.784375 0.457812 0.7875 0.457812 0.789062 0.45625 0.790625 0.45625 0.796875 0.454688 0.798437 0.454688 0.8 0.453125 0.801562 0.453125 0.803125 0.451562 0.804688 0.451562 0.80625 0.45 0.807813 0.45 0.821875 0.451562 0.823438 0.453125 0.823438 0.454688 0.821875 0.454688 0.820312 0.457812 0.817187 0.457812 0.815625 0.459375 0.814062 0.459375 0.8125 0.460938 0.810938 0.460938 0.80625 0.4625 0.804688 0.4625 0.803125 0.464063 0.801562 0.464063 0.8 0.467187 0.796875 0.467187 0.789062 0.471875 0.784375 0.471875 0.782812 0.46875 0.782812 0.467187 0.78125
0 0.495313 0.11875 0.49375 0.120312 0.49375 0.121875 0.4875 0.128125 0.4875 0.129688 0.484375 0.132812 0.484375 0.134375 0.48125 0.1375 0.48125 0.146875 0.482812 0.148438 0.482812 0.15 0.484375 0.15 0.485938 0.148438 0.485938 0.146875 0.492188 0.140625 0.492188 0.139062 0.498437 0.132812 0.498437 0.13125 0.504687 0.125 0.504687 0.120312 0.503125 0.11875
0 0.190625 0.4125 0.1875 0.415625 0.1875 0.417188 0.182812 0.421875 0.182812 0.423438 0.18125 0.425 0.18125 0.426562 0.175 0.432813 0.175 0.440625 0.176563 0.442187 0.178125 0.442187 0.179688 0.440625 0.179688 0.439063 0.182812 0.435937 0.184375 0.435937 0.185937 0.434375 0.185937 0.432813 0.192188 0.426562 0.192188 0.425 0.196875 0.420312 0.196875 0.41875 0.198437 0.417188 0.198437 0.414062 0.196875 0.4125
0 0.532812 0.63125 0.53125 0.632812 0.53125 0.639063 0.529688 0.640625 0.529688 0.642187 0.528125 0.64375 0.528125 0.645312 0.526563 0.646875 0.526563 0.648438 0.525 0.65 0.525 0.670313 0.526563 0.671875 0.528125 0.671875 0.529688 0.670313 0.529688 0.66875 0.53125 0.667188 0.53125 0.665625 0.534375 0.6625 0.534375 0.660937 0.535937 0.659375 0.535937 0.651563 0.5375 0.65 0.5375 0.648438 0.539062 0.646875 0.539062 0.645312 0.540625 0.64375 0.540625 0.642187 0.542188 0.640625 0.542188 0.632812 0.540625 0.63125
0 0.164062 0.5 0.157813 0.50625 0.157813 0.507812 0.15625 0.509375 0.15625 0.514063 0.15 0.520312 0.15 0.532812 0.151562 0.534375 0.154687 0.534375 0.159375 0.529688 0.159375 0.528125 0.160938 0.526563 0.160938 0.520312 0.1625 0.51875 0.1625 0.517187 0.165625 0.514063 0.165625 0.5125 0.167187 0.510938 0.167187 0.504687 0.16875 0.503125 0.165625 0.5
0 0.364062 0.575 0.3625 0.576563 0.3625 0.579687 0.360938 0.58125 0.360938 0.582812 0.357812 0.585938 0.357812 0.5875 0.35625 0.589063 0.35625 0.603125 0.357812 0.604688 0.364062 0.604688 0.367188 0.601562 0.367188 0.59375 0.36875 0.592188 0.36875 0.590625 0.370313 0.589063 0.370313 0.5875 0.373437 0.584375 0.373437 0.576563 0.371875 0.575
0 0.196875 0.15 0.19375 0.153125 0.19375 0.15625 0.192188 0.157813 0.192188 0.159375 0.1875 0.164062 0.1875 0.173438 0.189063 0.175 0.189063 0.176563 0.190625 0.176563 0.192188 0.175 0.192188 0.173438 0.196875 0.16875 0.196875 0.167187 0.198437 0.165625 0.198437 0.164062 0.2 0.1625 0.2 0.160938 0.201562 0.159375 0.203125 0.159375 0.203125 0.157813 0.204688 0.15625 0.204688 0.151562 0.203125 0.15
0 0.351562 0.18125 0.35 0.182812 0.35 0.190625 0.351562 0.192188 0.351562 0.19375 0.353125 0.19375 0.354688 0.195312 0.354688 0.198437 0.35625 0.2 0.35625 0.203125 0.357812 0.204688 0.359375 0.204688 0.360938 0.203125 0.364062 0.203125 0.364062 0.198437 0.3625 0.196875 0.3625 0.19375 0.360938 0.192188 0.360938 0.182812 0.359375 0.18125
0 0.551562 0.2875 0.55 0.289062 0.548437 0.289062 0.545313 0.292188 0.545313 0.29375 0.54375 0.295312 0.54375 0.317187 0.545313 0.31875 0.545313 0.320312 0.546875 0.320312 0.546875 0.31875 0.548437 0.317187 0.548437 0.314063 0.55 0.3125 0.55 0.310937 0.553125 0.307813 0.553125 0.30625 0.554688 0.304688 0.554688 0.3 0.55625 0.298438 0.55625 0.296875 0.559375 0.29375 0.559375 0.289062 0.557813 0.2875
0 0.875 0.34375 0.873438 0.345313 0.871875 0.345313 0.870313 0.346875 0.870313 0.348437 0.86875 0.35 0.86875 0.351562 0.8625 0.357812 0.8625 0.365625 0.864062 0.367188 0.86875 0.367188 0.870313 0.365625 0.871875 0.365625 0.871875 0.3625 0.873438 0.360938 0.873438 0.357812 0.879687 0.351562 0.879687 0.345313 0.878125 0.34375
0 0.89375 0.04375 0.892187 0.0453125 0.889063 0.0453125 0.889063 0.046875 0.8875 0.0484375 0.8875 0.05 0.885938 0.0515625 0.885938 0.053125 0.884375 0.0546875 0.882812 0.0546875 0.88125 0.05625 0.88125 0.0578125 0.875 0.0640625 0.875 0.071875 0.876562 0.0734375 0.878125 0.0734375 0.892187 0.059375 0.892187 0.0578125 0.895312 0.0546875 0.896875 0.0546875 0.898438 0.053125 0.898438 0.0515625 0.9 0.05 0.9 0.0484375 0.901563 0.046875 0.898438 0.04375
0 0.732813 0.2125 0.73125 0.214062 0.73125 0.228125 0.732813 0.229687 0.732813 0.234375 0.734375 0.234375 0.734375 0.229687 0.735937 0.228125 0.735937 0.214062 0.734375 0.2125
0 0.651563 0.95 0.648438 0.953125 0.648438 0.95625 0.645312 0.959375 0.645312 0.960938 0.64375 0.9625 0.64375 0.978125 0.645312 0.979688 0.65 0.979688 0.651563 0.978125 0.653125 0.978125 0.653125 0.976562 0.654688 0.975 0.654688 0.965625 0.65625 0.964063 0.65625 0.9625 0.657812 0.960938 0.657812 0.959375 0.659375 0.957812 0.659375 0.954687 0.660937 0.953125 0.657812 0.95
0 0.757812 0.7375 0.754687 0.740625 0.754687 0.74375 0.753125 0.745313 0.753125 0.746875 0.751562 0.748438 0.751562 0.751562 0.75 0.753125 0.75 0.778125 0.753125 0.78125 0.75625 0.778125 0.75625 0.776563 0.757812 0.775 0.757812 0.773438 0.759375 0.771875 0.759375 0.76875 0.760938 0.767187 0.760938 0.754687 0.7625 0.753125 0.7625 0.75 0.765625 0.746875 0.765625 0.74375 0.767187 0.742188 0.767187 0.739062 0.765625 0.7375
0 0.0734375 0.8625 0.071875 0.864062 0.0703125 0.864062 0.0703125 0.865625 0.06875 0.867188 0.06875 0.870313 0.0625 0.876562 0.0625 0.878125 0.059375 0.88125 0.0578125 0.88125 0.0578125 0.882812 0.05625 0.884375 0.05625 0.892187 0.0578125 0.89375 0.0578125 0.895312 0.059375 0.896875 0.065625 0.896875 0.065625 0.895312 0.0671875 0.89375 0.0671875 0.890625 0.0734375 0.884375 0.0734375 0.882812 0.075 0.88125 0.075 0.879687 0.0765625 0.878125 0.078125 0.878125 0.078125 0.876562 0.0796875 0.875 0.0796875 0.871875 0.0828125 0.86875 0.0828125 0.867188 0.084375 0.865625 0.084375 0.864062 0.0828125 0.864062 0.08125 0.8625
0 0.0078125 0.239063 0.0078125 0.246875 0.009375 0.246875 0.009375 0.245312 0.0109375 0.24375 0.0109375 0.242188 0.0125 0.240625 0.0109375 0.239063
0 0.921875 0.26875 0.91875 0.271875 0.91875 0.290625 0.920313 0.292188 0.920313 0.29375 0.921875 0.29375 0.921875 0.292188 0.923437 0.290625 0.923437 0.270312
0 0.807813 0.48125 0.80625 0.482812 0.804688 0.482812 0.789062 0.498437 0.789062 0.5 0.7875 0.501562 0.7875 0.507812 0.789062 0.509375 0.790625 0.509375 0.795313 0.504687 0.796875 0.504687 0.798437 0.503125 0.798437 0.501562 0.804688 0.495313 0.804688 0.49375 0.814062 0.484375 0.814062 0.482812 0.810938 0.482812 0.809375 0.48125
0 0.514063 0.85625 0.5125 0.857813 0.5125 0.8625 0.510938 0.864062 0.510938 0.865625 0.50625 0.870313 0.50625 0.882812 0.509375 0.885938 0.515625 0.879687 0.515625 0.878125 0.517187 0.876562 0.517187 0.871875 0.51875 0.870313 0.51875 0.86875 0.523438 0.864062 0.523438 0.857813 0.521875 0.85625
0 0.857813 0.3 0.85625 0.301562 0.85625 0.303125 0.853125 0.30625 0.851562 0.30625 0.85 0.307813 0.85 0.320312 0.851562 0.321875 0.853125 0.321875 0.859375 0.315625 0.859375 0.314063 0.860937 0.3125 0.860937 0.307813 0.865625 0.303125 0.865625 0.301562 0.864062 0.301562 0.8625 0.3
0 0.626562 0.89375 0.621875 0.898438 0.621875 0.9 0.620313 0.901563 0.620313 0.903125 0.61875 0.904688 0.61875 0.909375 0.617188 0.910937 0.617188 0.9125 0.614062 0.915625 0.614062 0.917188 0.6125 0.91875 0.6125 0.928125 0.615625 0.93125 0.621875 0.93125 0.621875 0.929688 0.623438 0.928125 0.623438 0.923437 0.625 0.921875 0.625 0.920313 0.628125 0.917188 0.628125 0.915625 0.629687 0.914062 0.629687 0.907812 0.63125 0.90625 0.63125 0.904688 0.634375 0.901563 0.634375 0.898438 0.635938 0.896875 0.632812 0.89375
0 0.739062 0.675 0.735937 0.678125 0.735937 0.679688 0.732813 0.682813 0.732813 0.684375 0.73125 0.685938 0.73125 0.689062 0.729688 0.690625 0.729688 0.692187 0.728125 0.69375 0.726562 0.69375 0.726562 0.695312 0.725 0.696875 0.725 0.707812 0.726562 0.709375 0.729688 0.709375 0.735937 0.703125 0.735937 0.698438 0.7375 0.696875 0.7375 0.695312 0.742188 0.690625 0.742188 0.6875 0.74375 0.685938 0.74375 0.684375 0.745313 0.682813 0.745313 0.68125 0.746875 0.679688 0.746875 0.676562 0.745313 0.675
0 0.895312 0.85 0.89375 0.851562 0.89375 0.871875 0.895312 0.873438 0.895312 0.875 0.896875 0.876562 0.896875 0.878125 0.898438 0.878125 0.9 0.879687 0.903125 0.879687 0.90625 0.876562 0.904688 0.875 0.904688 0.86875 0.903125 0.867188 0.903125 0.864062 0.9 0.860937 0.9 0.857813 0.898438 0.85625 0.898438 0.851562 0.896875 0.85
0 0.259375 0.43125 0.257812 0.432813 0.257812 0.434375 0.25625 0.435937 0.25625 0.446875 0.257812 0.448438 0.257812 0.45 0.259375 0.45 0.259375 0.448438 0.260938 0.446875 0.260938 0.435937 0.259375 0.434375
0 0.207813 0.33125 0.204688 0.334375 0.204688 0.335938 0.203125 0.3375 0.203125 0.339063 0.201562 0.340625 0.201562 0.342187 0.2 0.34375 0.2 0.35 0.198437 0.351562 0.198437 0.353125 0.19375 0.357812 0.19375 0.371875 0.195312 0.373437 0.195312 0.375 0.196875 0.375 0.198437 0.373437 0.198437 0.371875 0.201562 0.36875 0.201562 0.367188 0.203125 0.365625 0.203125 0.364062 0.204688 0.3625 0.204688 0.35625 0.20625 0.354688 0.20625 0.353125 0.209375 0.35 0.209375 0.348437 0.210938 0.346875 0.210938 0.340625 0.2125 0.339063 0.2125 0.3375 0.215625 0.334375 0.215625 0.332812 0.2125 0.332812 0.210938 0.33125
0 0.0796875 0.19375 0.078125 0.195312 0.0765625 0.195312 0.0765625 0.196875 0.075 0.198437 0.075 0.201562 0.0734375 0.203125 0.0734375 0.204688 0.0703125 0.207813 0.0703125 0.209375 0.06875 0.210938 0.06875 0.223438 0.0703125 0.225 0.0703125 0.226562 0.071875 0.226562 0.078125 0.220313 0.078125 0.21875 0.0796875 0.217187 0.0796875 0.2125 0.08125 0.210938 0.08125 0.209375 0.0828125 0.207813 0.0828125 0.20625 0.084375 0.204688 0.084375 0.203125 0.0859375 0.201562 0.0859375 0.198437 0.0875 0.196875 0.0875 0.195312 0.0859375 0.195312 0.084375 0.19375
0 0.170312 0.1 0.16875 0.101562 0.16875 0.103125 0.165625 0.10625 0.164062 0.10625 0.15625 0.114063 0.15625 0.120312 0.157813 0.121875 0.159375 0.121875 0.164062 0.117188 0.165625 0.117188 0.167187 0.115625 0.167187 0.114063 0.170312 0.110937 0.173438 0.110937 0.178125 0.10625 0.179688 0.10625 0.18125 0.104687 0.182812 0.104687 0.184375 0.103125 0.184375 0.101562 0.182812 0.1
0 0.982813 0.25625 0.98125 0.257812 0.98125 0.278125 0.982813 0.279687 0.984375 0.279687 0.985937 0.278125 0.985937 0.257812 0.984375 0.25625
0 0.676562 0.2875 0.670313 0.29375 0.670313 0.295312 0.66875 0.296875 0.66875 0.3125 0.670313 0.314063 0.670313 0.315625 0.671875 0.315625 0.678125 0.309375 0.678125 0.307813 0.679688 0.30625 0.679688 0.296875 0.68125 0.295312 0.68125 0.29375 0.684375 0.290625 0.682813 0.289062 0.68125 0.289062 0.679688 0.2875
0 0.920313 0.939062 0.91875 0.940625 0.91875 0.957812 0.921875 0.960938 0.923437 0.959375 0.925 0.959375 0.926562 0.957812 0.926562 0.953125 0.925 0.951563 0.925 0.948438 0.923437 0.946875 0.923437 0.940625 0.921875 0.939062
0 0.751562 0.80625 0.75 0.807813 0.748438 0.807813 0.748438 0.809375 0.74375 0.814062 0.74375 0.817187 0.739062 0.821875 0.739062 0.823438 0.7375 0.825 0.7375 0.832812 0.739062 0.834375 0.746875 0.834375 0.746875 0.832812 0.748438 0.83125 0.748438 0.829687 0.75 0.828125 0.75 0.826563 0.753125 0.823438 0.753125 0.821875 0.754687 0.820312 0.754687 0.817187 0.75625 0.815625 0.75625 0.814062 0.759375 0.810938 0.759375 0.807813 0.757812 0.807813 0.75625 0.80625
0 0.2625 0.414062 0.259375 0.417188 0.259375 0.41875 0.257812 0.420312 0.257812 0.423438 0.254687 0.426562 0.253125 0.426562 0.246875 0.432813 0.245312 0.432813 0.245312 0.435937 0.24375 0.4375 0.24375 0.442187 0.245312 0.44375 0.245312 0.445312 0.246875 0.445312 0.248437 0.44375 0.248437 0.442187 0.25 0.440625 0.25 0.439063 0.253125 0.435937 0.253125 0.434375 0.254687 0.432813 0.254687 0.43125 0.2625 0.423438 0.264062 0.423438 0.265625 0.421875 0.265625 0.420312 0.267188 0.41875 0.267188 0.414062
0 0.015625 0.55 0.003125 0.5625 0 0.5625 0 0.573438 0.003125 0.573438 0.0046875 0.571875 0.0046875 0.570312 0.0078125 0.567187 0.009375 0.567187 0.015625 0.560938 0.0171875 0.560938 0.01875 0.559375 0.0203125 0.559375 0.021875 0.557813 0.021875 0.55625 0.025 0.553125 0.025 0.551562 0.0234375 0.551562 0.021875 0.55
0 0.745313 0.1125 0.74375 0.114063 0.74375 0.134375 0.745313 0.135937 0.745313 0.139062 0.746875 0.139062 0.746875 0.135937 0.748438 0.134375 0.748438 0.126563 0.75 0.125 0.75 0.123438 0.753125 0.120312 0.753125 0.117188 0.754687 0.115625 0.754687 0.114063 0.753125 0.1125
0 0.107813 0.945312 0.10625 0.946875 0.103125 0.946875 0.101562 0.948438 0.101562 0.95 0.1 0.951563 0.1 0.959375 0.101562 0.960938 0.101562 0.9625 0.103125 0.9625 0.104687 0.960938 0.104687 0.959375 0.10625 0.957812 0.10625 0.954687 0.107813 0.953125 0.107813 0.948438 0.109375 0.946875 0.109375 0.945312
0 0.021875 0.15 0.01875 0.153125 0.01875 0.159375 0.0203125 0.160938 0.0234375 0.160938 0.025 0.159375 0.0265625 0.159375 0.03125 0.154687 0.0328125 0.154687 0.034375 0.153125 0.040625 0.153125 0.040625 0.151562 0.028125 0.151562 0.0265625 0.15
0 0.195312 0.775 0.19375 0.776563 0.19375 0.778125 0.190625 0.78125 0.189063 0.78125 0.1875 0.782812 0.1875 0.784375 0.184375 0.7875 0.182812 0.7875 0.18125 0.789062 0.18125 0.796875 0.182812 0.798437 0.185937 0.798437 0.185937 0.796875 0.204688 0.778125 0.204688 0.776563 0.203125 0.775
0 0.601562 0.0875 0.6 0.0890625 0.598437 0.0890625 0.595312 0.0921875 0.59375 0.0921875 0.592188 0.09375 0.590625 0.09375 0.5875 0.096875 0.5875 0.103125 0.589063 0.104687 0.596875 0.104687 0.610937 0.090625 0.610937 0.0890625 0.609375 0.0875
0 0.5125 0.00625 0.510938 0.0078125 0.507812 0.0078125 0.507812 0.0109375 0.50625 0.0125 0.50625 0.0203125 0.504687 0.021875 0.504687 0.0234375 0.503125 0.025 0.503125 0.0265625 0.501562 0.028125 0.501562 0.0296875 0.5 0.03125 0.5 0.053125 0.501562 0.0546875 0.501562 0.05625 0.503125 0.05625 0.503125 0.0546875 0.504687 0.053125 0.504687 0.0484375 0.50625 0.046875 0.50625 0.04375 0.509375 0.040625 0.509375 0.0375 0.510938 0.0359375 0.510938 0.0265625 0.5125 0.025 0.5125 0.0234375 0.514063 0.021875 0.514063 0.0203125 0.515625 0.01875 0.515625 0.0171875 0.517187 0.015625 0.517187 0.0078125 0.515625 0.00625
0 0.282813 0.3 0.275 0.307813 0.275 0.321875 0.276563 0.323438 0.278125 0.323438 0.279687 0.321875 0.279687 0.31875 0.28125 0.317187 0.28125 0.315625 0.284375 0.3125 0.284375 0.310937 0.285937 0.309375 0.285937 0.307813 0.290625 0.303125 0.290625 0.301562 0.289062 0.301562 0.2875 0.3
0 0.0453125 0.775 0.04375 0.776563 0.0421875 0.776563 0.0390625 0.779688 0.0390625 0.78125 0.0375 0.782812 0.0375 0.784375 0.03125 0.790625 0.03125 0.792188 0.0265625 0.796875 0.0265625 0.798437 0.025 0.8 0.025 0.809375 0.0265625 0.810938 0.028125 0.810938 0.0296875 0.809375 0.0296875 0.807813 0.0359375 0.801562 0.0359375 0.8 0.0375 0.798437 0.0375 0.796875 0.0421875 0.792188 0.0421875 0.790625 0.0484375 0.784375 0.0484375 0.78125 0.0515625 0.778125 0.0515625 0.776563 0.05 0.776563 0.0484375 0.775
0 0.814062 0.0328125 0.814062 0.046875 0.815625 0.046875 0.815625 0.0328125
0 0.0515625 0.45 0.05 0.451562 0.0484375 0.451562 0.0484375 0.453125 0.046875 0.454688 0.0453125 0.454688 0.04375 0.45625 0.04375 0.457812 0.0390625 0.4625 0.0375 0.4625 0.0359375 0.464063 0.034375 0.464063 0.0328125 0.465625 0.0328125 0.467187 0.03125 0.46875 0.03125 0.476562 0.0328125 0.478125 0.034375 0.478125 0.0390625 0.473437 0.040625 0.473437 0.0453125 0.46875 0.046875 0.46875 0.0484375 0.467187 0.0515625 0.467187 0.053125 0.465625 0.0546875 0.465625 0.0546875 0.464063 0.05625 0.4625 0.0578125 0.4625 0.0609375 0.459375 0.0609375 0.454688 0.0625 0.453125 0.059375 0.45
0 0.639063 0.49375 0.6375 0.495313 0.6375 0.503125 0.645312 0.510938 0.653125 0.510938 0.654688 0.509375 0.654688 0.507812 0.646875 0.5 0.645312 0.5 0.642187 0.496875 0.642187 0.495313 0.640625 0.49375
0 0.882812 0.7625 0.88125 0.764063 0.88125 0.792188 0.882812 0.79375 0.882812 0.796875 0.884375 0.796875 0.884375 0.795313 0.885938 0.79375 0.885938 0.78125 0.8875 0.779688 0.8875 0.775 0.889063 0.773438 0.889063 0.771875 0.890625 0.770312 0.890625 0.764063 0.889063 0.7625
0 0.140625 0.575 0.134375 0.58125 0.132812 0.58125 0.13125 0.582812 0.13125 0.590625 0.132812 0.592188 0.135937 0.592188 0.15 0.578125 0.15 0.576563 0.148438 0.576563 0.146875 0.575
0 0.939062 0.775 0.9375 0.776563 0.935938 0.776563 0.932813 0.779688 0.932813 0.78125 0.93125 0.782812 0.93125 0.798437 0.932813 0.8 0.932813 0.801562 0.934375 0.801562 0.934375 0.8 0.935938 0.798437 0.935938 0.795313 0.9375 0.79375 0.9375 0.790625 0.940625 0.7875 0.940625 0.785937 0.942187 0.784375 0.942187 0.776563 0.940625 0.775
0 0.420312 0.125 0.41875 0.126563 0.41875 0.132812 0.417188 0.134375 0.417188 0.135937 0.415625 0.1375 0.414062 0.1375 0.414062 0.139062 0.4125 0.140625 0.4125 0.153125 0.414062 0.154687 0.414062 0.15625 0.415625 0.15625 0.417188 0.154687 0.417188 0.153125 0.41875 0.151562 0.41875 0.15 0.421875 0.146875 0.421875 0.14375 0.423438 0.142188 0.423438 0.135937 0.425 0.134375 0.425 0.132812 0.428125 0.129688 0.428125 0.126563 0.426562 0.125
0 0.657812 0.4875 0.65625 0.489062 0.65625 0.50625 0.657812 0.507812 0.657812 0.509375 0.659375 0.509375 0.659375 0.507812 0.660937 0.50625 0.660937 0.489062 0.659375 0.4875
0 0.614062 0.71875 0.6125 0.720312 0.6125 0.746875 0.614062 0.748438 0.614062 0.75 0.617188 0.75 0.621875 0.745313 0.621875 0.726562 0.623438 0.725 0.623438 0.721875 0.620313 0.71875
0 0.732813 0.525 0.73125 0.526563 0.73125 0.545313 0.732813 0.546875 0.732813 0.55 0.735937 0.553125 0.735937 0.554688 0.739062 0.557813 0.740625 0.557813 0.740625 0.55625 0.742188 0.554688 0.742188 0.54375 0.740625 0.542188 0.740625 0.5375 0.739062 0.535937 0.739062 0.534375 0.7375 0.532812 0.7375 0.528125 0.734375 0.525
0 0.570312 0.0125 0.56875 0.0140625 0.56875 0.0328125 0.570312 0.034375 0.573438 0.034375 0.573438 0.0203125 0.575 0.01875 0.575 0.0140625 0.573438 0.0140625 0.571875 0.0125
0 0.598437 0.20625 0.596875 0.207813 0.595312 0.207813 0.590625 0.2125 0.589063 0.2125 0.589063 0.214062 0.584375 0.21875 0.582812 0.21875 0.58125 0.220313 0.58125 0.228125 0.582812 0.229687 0.5875 0.229687 0.589063 0.228125 0.590625 0.228125 0.592188 0.226562 0.592188 0.225 0.59375 0.223438 0.595312 0.223438 0.596875 0.221875 0.596875 0.220313 0.601562 0.215625 0.603125 0.215625 0.603125 0.210938 0.604688 0.209375 0.601562 0.20625
0 0.45 0.86875 0.448438 0.870313 0.446875 0.870313 0.445312 0.871875 0.445312 0.873438 0.44375 0.875 0.44375 0.892187 0.445312 0.89375 0.446875 0.89375 0.448438 0.892187 0.448438 0.889063 0.45 0.8875 0.45 0.885938 0.451562 0.884375 0.451562 0.882812 0.453125 0.88125 0.453125 0.879687 0.454688 0.878125 0.454688 0.870313 0.453125 0.86875
0 0.401563 0.078125 0.4 0.0796875 0.398438 0.0796875 0.395312 0.0828125 0.395312 0.0859375 0.39375 0.0875 0.39375 0.101562 0.395312 0.103125 0.395312 0.104687 0.396875 0.104687 0.398438 0.103125 0.398438 0.0953125 0.403125 0.090625 0.403125 0.0796875
0 0.10625 0 0.10625 0.0078125 0.107813 0.009375 0.107813 0.0109375 0.109375 0.0109375 0.110937 0.009375 0.110937 0.00625 0.114063 0.003125 0.114063 0
0 0.0140625 0.4875 0.0125 0.489062 0.0125 0.535937 0.0140625 0.5375 0.0140625 0.540625 0.015625 0.540625 0.015625 0.5375 0.0171875 0.535937 0.0171875 0.515625 0.01875 0.514063 0.01875 0.510938 0.0203125 0.509375 0.0203125 0.50625 0.021875 0.504687 0.021875 0.498437 0.0234375 0.496875 0.0234375 0.489062 0.021875 0.4875
0 0.109375 0.939062 0.107813 0.940625 0.109375 0.942187 0.109375 0.946875 0.107813 0.948438 0.107813 0.95625 0.109375 0.957812 0.109375 0.959375 0.114063 0.959375 0.114063 0.948438 0.110937 0.945312 0.110937 0.939062
0 0.789062 0.739062 0.789062 0.770312 0.790625 0.770312 0.790625 0.739062
0 0.782812 0.745313 0.782812 0.754687 0.78125 0.75625 0.78125 0.759375 0.782812 0.760938 0.782812 0.765625 0.784375 0.765625 0.784375 0.760938 0.785937 0.759375 0.785937 0.746875 0.784375 0.745313
0 0.0515625 0.99375 0.05 0.995313 0.05 0.998438 0.0609375 0.998438 0.0609375 0.996875 0.0578125 0.99375
0 0.995313 0.145313 0.99375 0.146875 0.99375 0.165625 0.995313 0.167187 0.995313 0.170312 0.998438 0.170312 0.998438 0.145313
0 0.951563 0.2 0.95 0.201562 0.95 0.229687 0.951563 0.23125 0.951563 0.232812 0.953125 0.232812 0.953125 0.23125 0.954687 0.229687 0.954687 0.201562 0.953125 0.2
0
0 0.264062 0.126563 0.259375 0.13125 0.257812 0.13125 0.25625 0.132812 0.25625 0.135937 0.257812 0.1375 0.257812 0.140625 0.259375 0.140625 0.260938 0.139062 0.260938 0.1375 0.264062 0.134375 0.265625 0.134375 0.265625 0.132812 0.267188 0.13125 0.267188 0.129688 0.26875 0.128125 0.267188 0.126563
0 0.807813 0.492188 0.807813 0.496875 0.80625 0.498437 0.80625 0.528125 0.807813 0.529688 0.809375 0.529688 0.810938 0.528125 0.810938 0.498437 0.809375 0.496875 0.809375 0.492188
0 0.870313 0.7 0.86875 0.701563 0.86875 0.732813 0.870313 0.734375 0.871875 0.734375 0.873438 0.732813 0.873438 0.710938 0.875 0.709375 0.875 0.701563 0.873438 0.701563 0.871875 0.7
0 0.0578125 0.0625 0.05625 0.0640625 0.05625 0.0671875 0.0578125 0.06875 0.0578125 0.0703125 0.059375 0.071875 0.0625 0.06875 0.0640625 0.06875 0.0671875 0.065625 0.0640625 0.0625
0 0.078125 0.29375 0.075 0.296875 0.075 0.301562 0.0765625 0.303125 0.0765625 0.30625 0.078125 0.307813 0.084375 0.307813 0.084375 0.304688 0.0859375 0.303125 0.0859375 0.301562 0.0875 0.3 0.0875 0.298438 0.0890625 0.296875 0.0875 0.295312 0.0828125 0.295312 0.08125 0.29375
0 0.146875 0.79375 0.14375 0.796875 0.14375 0.821875 0.145313 0.823438 0.146875 0.823438 0.15 0.820312 0.15 0.817187 0.151562 0.815625 0.151562 0.814062 0.153125 0.8125 0.153125 0.807813 0.154687 0.80625 0.154687 0.795313 0.153125 0.79375
0 0.0828125 0.295312 0.08125 0.296875 0.08125 0.298438 0.0828125 0.3 0.0828125 0.309375 0.084375 0.309375 0.084375 0.307813 0.0859375 0.30625 0.0859375 0.303125 0.0875 0.301562 0.0875 0.3 0.0890625 0.298438 0.0890625 0.296875 0.0875 0.295312
0 0.607813 0.625 0.60625 0.626562 0.60625 0.629687 0.604688 0.63125 0.604688 0.634375 0.601562 0.6375 0.601562 0.640625 0.6 0.642187 0.6 0.659375 0.601562 0.660937 0.601562 0.6625 0.603125 0.6625 0.604688 0.660937 0.604688 0.657812 0.60625 0.65625 0.60625 0.651563 0.607813 0.65 0.607813 0.648438 0.609375 0.646875 0.609375 0.64375 0.610937 0.642187 0.610937 0.634375 0.6125 0.632812 0.6125 0.63125 0.614062 0.629687 0.614062 0.626562 0.6125 0.626562 0.610937 0.625
0 0.345313 0.409375 0.345313 0.415625 0.34375 0.417188 0.34375 0.429688 0.345313 0.43125 0.345313 0.434375 0.346875 0.434375 0.346875 0.43125 0.348437 0.429688 0.348437 0.417188 0.346875 0.415625 0.346875 0.409375
0 0.882812 0.70625 0.88125 0.707812 0.879687 0.707812 0.876562 0.710938 0.876562 0.7125 0.875 0.714063 0.875 0.728125 0.876562 0.729688 0.876562 0.732813 0.878125 0.732813 0.878125 0.73125 0.879687 0.729688 0.879687 0.725 0.88125 0.723437 0.88125 0.721875 0.882812 0.720312 0.882812 0.71875 0.884375 0.717188 0.884375 0.715625 0.885938 0.714063 0.885938 0.707812 0.884375 0.70625
0 0 0.18125 0 0.189063 0.003125 0.189063 0.003125 0.1875 0.0046875 0.185937 0.0046875 0.182812 0.003125 0.18125
0 0.240625 0.71875 0.2375 0.721875 0.2375 0.725 0.235938 0.726562 0.235938 0.728125 0.23125 0.732813 0.23125 0.745313 0.232812 0.746875 0.234375 0.746875 0.235938 0.745313 0.235938 0.74375 0.239063 0.740625 0.239063 0.739062 0.240625 0.7375 0.240625 0.735937 0.242188 0.734375 0.242188 0.73125 0.24375 0.729688 0.24375 0.728125 0.246875 0.725 0.246875 0.723437 0.248437 0.721875 0.245312 0.71875
0 0.2875 0.46875 0.285937 0.470313 0.284375 0.470313 0.282813 0.471875 0.282813 0.473437 0.28125 0.475 0.28125 0.492188 0.282813 0.49375 0.282813 0.495313 0.284375 0.495313 0.284375 0.49375 0.285937 0.492188 0.285937 0.489062 0.2875 0.4875 0.2875 0.485938 0.289062 0.484375 0.289062 0.482812 0.290625 0.48125 0.290625 0.479688 0.292188 0.478125 0.292188 0.470313 0.290625 0.46875
