0 0.307813 0.08125 0.30625 0.0828125 0.30625 0.0921875 0.307813 0.09375 0.307813 0.0953125 0.310937 0.0984375 0.310937 0.1 0.3125 0.101562 0.3125 0.10625 0.314063 0.107813 0.314063 0.109375 0.317187 0.1125 0.317187 0.114063 0.31875 0.115625 0.31875 0.121875 0.321875 0.125 0.328125 0.125 0.328125 0.123438 0.329688 0.121875 0.329688 0.115625 0.328125 0.114063 0.328125 0.1125 0.323438 0.107813 0.323438 0.101562 0.321875 0.1 0.321875 0.0984375 0.31875 0.0953125 0.31875 0.09375 0.317187 0.0921875 0.317187 0.084375 0.314063 0.08125
0 0.589063 0.24375 0.5875 0.245312 0.5875 0.2625 0.589063 0.264062 0.589063 0.265625 0.59375 0.270312 0.59375 0.275 0.595312 0.276563 0.595312 0.278125 0.603125 0.278125 0.604688 0.276563 0.604688 0.26875 0.603125 0.267188 0.603125 0.265625 0.6 0.2625 0.6 0.260938 0.598437 0.259375 0.598437 0.25625 0.595312 0.253125 0.595312 0.251563 0.59375 0.25 0.59375 0.248437 0.592188 0.246875 0.592188 0.245312 0.590625 0.24375
0 0.420312 0.245312 0.41875 0.246875 0.41875 0.259375 0.420312 0.260938 0.420312 0.2625 0.423438 0.265625 0.423438 0.267188 0.425 0.26875 0.425 0.270312 0.43125 0.276563 0.43125 0.279687 0.434375 0.282813 0.434375 0.284375 0.4375 0.2875 0.4375 0.289062 0.440625 0.292188 0.442187 0.292188 0.44375 0.290625 0.446875 0.290625 0.446875 0.289062 0.448438 0.2875 0.448438 0.282813 0.442187 0.276563 0.442187 0.275 0.440625 0.273438 0.440625 0.271875 0.435937 0.267188 0.435937 0.264062 0.429688 0.257812 0.429688 0.25625 0.428125 0.254687 0.428125 0.253125 0.425 0.25 0.425 0.248437 0.423438 0.246875 0.423438 0.245312
0 0.976562 0.96875 0.975 0.970312 0.975 0.979688 0.976562 0.98125 0.976562 0.982813 0.979688 0.985937 0.979688 0.9875 0.98125 0.989062 0.98125 0.990625 0.982813 0.992188 0.982813 0.99375 0.984375 0.995313 0.984375 0.998438 0.998438 0.998438 0.998438 0.992188 0.996875 0.992188 0.99375 0.989062 0.99375 0.9875 0.992188 0.985937 0.992188 0.984375 0.985937 0.978125 0.985937 0.975 0.984375 0.973437 0.984375 0.971875 0.982813 0.970312 0.98125 0.970312 0.979688 0.96875
0 0.170312 0.34375 0.16875 0.345313 0.16875 0.35625 0.170312 0.357812 0.170312 0.359375 0.175 0.364062 0.175 0.371875 0.178125 0.375 0.179688 0.375 0.18125 0.376563 0.184375 0.376563 0.184375 0.375 0.185937 0.373437 0.185937 0.36875 0.184375 0.367188 0.184375 0.365625 0.18125 0.3625 0.18125 0.360938 0.179688 0.359375 0.179688 0.35 0.178125 0.348437 0.178125 0.345313 0.175 0.345313 0.173438 0.34375
0 0.507812 0.0375 0.50625 0.0390625 0.50625 0.0546875 0.507812 0.05625 0.507812 0.0578125 0.5125 0.0625 0.5125 0.065625 0.514063 0.0671875 0.521875 0.0671875 0.523438 0.065625 0.523438 0.0578125 0.517187 0.0515625 0.517187 0.0484375 0.515625 0.046875 0.515625 0.0453125 0.510938 0.040625 0.510938 0.0390625 0.509375 0.0375
0 0.953125 0.56875 0.95 0.571875 0.95 0.575 0.951563 0.576563 0.951563 0.578125 0.95625 0.582812 0.95625 0.584375 0.960938 0.589063 0.960938 0.590625 0.9625 0.592188 0.9625 0.59375 0.965625 0.596875 0.967188 0.595312 0.970312 0.595312 0.971875 0.59375 0.971875 0.592188 0.973437 0.590625 0.973437 0.589063 0.967188 0.582812 0.967188 0.58125 0.965625 0.579687 0.965625 0.578125 0.960938 0.573438 0.960938 0.571875 0.957812 0.56875
0 0.789062 0.49375 0.7875 0.495313 0.7875 0.503125 0.79375 0.509375 0.79375 0.5125 0.795313 0.514063 0.795313 0.515625 0.8 0.520312 0.8 0.525 0.801562 0.526563 0.801562 0.528125 0.807813 0.528125 0.809375 0.526563 0.809375 0.525 0.810938 0.523438 0.810938 0.520312 0.809375 0.51875 0.809375 0.517187 0.80625 0.514063 0.80625 0.5125 0.804688 0.510938 0.804688 0.50625 0.801562 0.503125 0.801562 0.501562 0.8 0.5 0.8 0.498437 0.798437 0.496875 0.798437 0.495313 0.796875 0.49375
0 0.576563 0.70625 0.575 0.707812 0.575 0.709375 0.579687 0.714063 0.579687 0.715625 0.582812 0.71875 0.584375 0.71875 0.585938 0.720312 0.585938 0.721875 0.590625 0.726562 0.592188 0.726562 0.59375 0.728125 0.595312 0.728125 0.596875 0.726562 0.596875 0.725 0.598437 0.723437 0.598437 0.720312 0.596875 0.71875 0.595312 0.71875 0.592188 0.715625 0.592188 0.714063 0.584375 0.70625
0 0.501562 0.94375 0.5 0.945312 0.5 0.954687 0.501562 0.95625 0.501562 0.959375 0.504687 0.9625 0.504687 0.964063 0.50625 0.965625 0.50625 0.971875 0.507812 0.973437 0.507812 0.976562 0.510938 0.979688 0.510938 0.98125 0.5125 0.982813 0.5125 0.989062 0.515625 0.992188 0.517187 0.992188 0.51875 0.990625 0.521875 0.990625 0.521875 0.98125 0.51875 0.978125 0.51875 0.976562 0.517187 0.975 0.517187 0.96875 0.515625 0.967188 0.515625 0.964063 0.5125 0.960938 0.5125 0.957812 0.510938 0.95625 0.510938 0.951563 0.509375 0.95 0.509375 0.948438 0.507812 0.946875 0.507812 0.945312 0.50625 0.945312 0.504687 0.94375
0 0.971875 0.332812 0.970312 0.334375 0.973437 0.3375 0.973437 0.339063 0.979688 0.345313 0.979688 0.346875 0.98125 0.348437 0.98125 0.35 0.982813 0.351562 0.982813 0.353125 0.984375 0.353125 0.985937 0.354688 0.990625 0.354688 0.992188 0.353125 0.992188 0.35 0.990625 0.348437 0.990625 0.346875 0.989062 0.345313 0.9875 0.345313 0.985937 0.34375 0.982813 0.34375 0.976562 0.3375 0.973437 0.3375 0.971875 0.335938
0 0.364062 0.564062 0.364062 0.573438 0.365625 0.575 0.365625 0.576563 0.367188 0.578125 0.367188 0.579687 0.36875 0.58125 0.36875 0.582812 0.371875 0.585938 0.373437 0.585938 0.376563 0.589063 0.379687 0.585938 0.379687 0.58125 0.376563 0.578125 0.376563 0.576563 0.373437 0.573438 0.373437 0.571875 0.371875 0.570312 0.371875 0.56875 0.370313 0.56875 0.365625 0.564062
0 0.639063 0.4375 0.6375 0.439063 0.6375 0.453125 0.639063 0.454688 0.640625 0.454688 0.64375 0.457812 0.64375 0.459375 0.646875 0.459375 0.648438 0.457812 0.648438 0.45625 0.65 0.454688 0.65 0.451562 0.648438 0.45 0.648438 0.446875 0.642187 0.440625 0.642187 0.439063 0.640625 0.4375
0 0.470313 0.5375 0.46875 0.539062 0.46875 0.55 0.470313 0.551562 0.470313 0.553125 0.473437 0.55625 0.473437 0.557813 0.475 0.559375 0.475 0.567187 0.476562 0.56875 0.476562 0.570312 0.478125 0.571875 0.48125 0.571875 0.482812 0.573438 0.484375 0.571875 0.485938 0.571875 0.485938 0.559375 0.484375 0.557813 0.484375 0.55625 0.482812 0.554688 0.482812 0.553125 0.48125 0.551562 0.48125 0.55 0.479688 0.548437 0.479688 0.540625 0.476562 0.5375
0 0.495313 0.4 0.49375 0.401563 0.49375 0.407813 0.501562 0.415625 0.501562 0.417188 0.503125 0.417188 0.50625 0.420312 0.50625 0.421875 0.507812 0.423438 0.507812 0.425 0.5125 0.429688 0.5125 0.43125 0.515625 0.434375 0.521875 0.434375 0.521875 0.432813 0.523438 0.43125 0.523438 0.426562 0.517187 0.420312 0.517187 0.41875 0.5125 0.414062 0.5125 0.4125 0.510938 0.410937 0.510938 0.409375 0.504687 0.403125 0.504687 0.401563 0.503125 0.4
0 0.739062 0.16875 0.7375 0.170312 0.7375 0.179688 0.740625 0.182812 0.740625 0.184375 0.74375 0.1875 0.74375 0.190625 0.748438 0.195312 0.748438 0.196875 0.75 0.198437 0.75 0.201562 0.751562 0.203125 0.751562 0.204688 0.754687 0.204688 0.75625 0.203125 0.759375 0.203125 0.759375 0.195312 0.754687 0.190625 0.754687 0.185937 0.753125 0.184375 0.753125 0.182812 0.748438 0.178125 0.748438 0.173438 0.746875 0.171875 0.746875 0.170312 0.745313 0.170312 0.74375 0.16875
0 0.889063 0.1375 0.8875 0.139062 0.8875 0.14375 0.889063 0.145313 0.889063 0.146875 0.890625 0.146875 0.89375 0.15 0.89375 0.151562 0.903125 0.160938 0.904688 0.160938 0.90625 0.1625 0.909375 0.1625 0.9125 0.159375 0.9125 0.157813 0.909375 0.154687 0.909375 0.153125 0.903125 0.146875 0.903125 0.145313 0.898438 0.140625 0.898438 0.139062 0.896875 0.1375
0 0.801562 0.3625 0.8 0.364062 0.8 0.365625 0.807813 0.373437 0.809375 0.373437 0.8125 0.376563 0.8125 0.378125 0.814062 0.379687 0.815625 0.379687 0.817187 0.38125 0.81875 0.38125 0.821875 0.384375 0.828125 0.378125 0.820312 0.370313 0.81875 0.370313 0.815625 0.367188 0.814062 0.367188 0.809375 0.3625
0 0.526563 0.50625 0.525 0.507812 0.525 0.523438 0.526563 0.525 0.526563 0.526563 0.529688 0.529688 0.529688 0.53125 0.53125 0.532812 0.53125 0.539062 0.534375 0.542188 0.539062 0.542188 0.542188 0.539062 0.542188 0.532812 0.540625 0.53125 0.540625 0.528125 0.5375 0.525 0.5375 0.521875 0.535937 0.520312 0.535937 0.510938 0.534375 0.509375 0.534375 0.507812 0.532812 0.507812 0.53125 0.50625
0 0.226562 0.93125 0.225 0.932813 0.225 0.942187 0.226562 0.94375 0.226562 0.946875 0.23125 0.951563 0.23125 0.957812 0.234375 0.960938 0.234375 0.9625 0.2375 0.965625 0.2375 0.967188 0.239063 0.96875 0.242188 0.96875 0.24375 0.967188 0.245312 0.967188 0.246875 0.965625 0.246875 0.9625 0.245312 0.960938 0.245312 0.959375 0.24375 0.957812 0.24375 0.95625 0.242188 0.954687 0.242188 0.95 0.240625 0.948438 0.240625 0.946875 0.2375 0.94375 0.2375 0.942187 0.235938 0.940625 0.235938 0.9375 0.234375 0.935938 0.234375 0.932813 0.23125 0.932813 0.229687 0.93125
0 0.864062 0.76875 0.8625 0.770312 0.8625 0.778125 0.875 0.790625 0.875 0.792188 0.879687 0.796875 0.879687 0.798437 0.882812 0.801562 0.882812 0.803125 0.884375 0.803125 0.885938 0.804688 0.890625 0.804688 0.892187 0.803125 0.892187 0.796875 0.885938 0.790625 0.885938 0.789062 0.879687 0.782812 0.879687 0.78125 0.875 0.776563 0.875 0.775 0.873438 0.773438 0.873438 0.771875 0.870313 0.76875
0 0.651563 0.65 0.65 0.651563 0.65 0.670313 0.651563 0.671875 0.651563 0.673437 0.654688 0.676562 0.654688 0.678125 0.65625 0.679688 0.65625 0.682813 0.657812 0.684375 0.659375 0.684375 0.6625 0.68125 0.6625 0.679688 0.664062 0.678125 0.664062 0.676562 0.6625 0.675 0.6625 0.673437 0.660937 0.671875 0.660937 0.667188 0.659375 0.665625 0.659375 0.664062 0.65625 0.660937 0.65625 0.659375 0.654688 0.657812 0.654688 0.651563 0.653125 0.65
0 0.0140625 0.0828125 0.0125 0.084375 0.0125 0.0859375 0.0109375 0.0875 0.0109375 0.0890625 0.0078125 0.0921875 0.0078125 0.09375 0.00625 0.0953125 0.00625 0.104687 0.0078125 0.10625 0.0078125 0.107813 0.009375 0.107813 0.0109375 0.10625 0.0109375 0.103125 0.015625 0.0984375 0.015625 0.096875 0.0171875 0.0953125 0.0171875 0.0859375 0.01875 0.084375 0.0171875 0.0828125
0 0.264062 0.1 0.2625 0.101562 0.2625 0.115625 0.264062 0.117188 0.264062 0.120312 0.267188 0.123438 0.267188 0.125 0.270312 0.128125 0.271875 0.128125 0.275 0.125 0.275 0.117188 0.273438 0.115625 0.273438 0.10625 0.271875 0.104687 0.271875 0.103125 0.270312 0.101562 0.26875 0.101562 0.267188 0.1
0 0.326562 0.74375 0.325 0.745313 0.325 0.782812 0.326562 0.784375 0.326562 0.785937 0.334375 0.785937 0.335938 0.784375 0.335938 0.771875 0.334375 0.770312 0.334375 0.765625 0.332812 0.764063 0.332812 0.7625 0.33125 0.760938 0.33125 0.75625 0.329688 0.754687 0.329688 0.745313 0.328125 0.74375
0 0.596875 0.375 0.59375 0.378125 0.59375 0.384375 0.595312 0.385938 0.595312 0.3875 0.596875 0.3875 0.6 0.390625 0.6 0.395312 0.601562 0.396875 0.601562 0.398438 0.60625 0.403125 0.60625 0.404687 0.607813 0.40625 0.610937 0.40625 0.614062 0.403125 0.615625 0.403125 0.615625 0.401563 0.610937 0.396875 0.610937 0.395312 0.609375 0.39375 0.609375 0.392188 0.604688 0.3875 0.604688 0.384375 0.603125 0.382812 0.603125 0.376563 0.6 0.376563 0.598437 0.375
0 0.826563 0.83125 0.825 0.832812 0.825 0.8375 0.826563 0.839063 0.826563 0.840625 0.83125 0.845312 0.83125 0.848437 0.832812 0.85 0.832812 0.851562 0.835938 0.854688 0.835938 0.85625 0.839063 0.859375 0.842188 0.859375 0.845312 0.85625 0.845312 0.854688 0.846875 0.853125 0.845312 0.851562 0.845312 0.85 0.842188 0.846875 0.842188 0.842188 0.840625 0.840625 0.840625 0.839063 0.8375 0.835938 0.8375 0.834375 0.834375 0.83125
0 0.807813 0.10625 0.80625 0.107813 0.80625 0.117188 0.807813 0.11875 0.807813 0.120312 0.8125 0.125 0.8125 0.126563 0.814062 0.128125 0.820312 0.128125 0.820312 0.121875 0.81875 0.120312 0.81875 0.11875 0.815625 0.115625 0.815625 0.114063 0.810938 0.109375 0.810938 0.107813 0.809375 0.10625
0 0.657812 0.95 0.65625 0.951563 0.65625 0.953125 0.660937 0.957812 0.660937 0.959375 0.664062 0.9625 0.665625 0.9625 0.667188 0.964063 0.667188 0.965625 0.670313 0.96875 0.670313 0.970312 0.671875 0.971875 0.673437 0.971875 0.675 0.973437 0.678125 0.973437 0.679688 0.971875 0.679688 0.967188 0.678125 0.965625 0.678125 0.964063 0.673437 0.959375 0.673437 0.957812 0.671875 0.95625 0.670313 0.95625 0.667188 0.953125 0.667188 0.951563 0.665625 0.95
0 0.689062 0.58125 0.6875 0.582812 0.6875 0.590625 0.689062 0.592188 0.689062 0.59375 0.69375 0.598437 0.69375 0.601562 0.701563 0.609375 0.703125 0.609375 0.704687 0.607813 0.704687 0.60625 0.70625 0.604688 0.70625 0.601562 0.704687 0.6 0.704687 0.598437 0.703125 0.596875 0.703125 0.595312 0.698438 0.590625 0.698438 0.589063 0.696875 0.5875 0.696875 0.585938 0.69375 0.582812 0.692187 0.582812 0.690625 0.58125
0 0.939062 0.01875 0.9375 0.0203125 0.9375 0.021875 0.959375 0.04375 0.960938 0.04375 0.964063 0.046875 0.965625 0.046875 0.967188 0.0453125 0.967188 0.0390625 0.965625 0.0375 0.964063 0.0375 0.960938 0.034375 0.960938 0.0328125 0.959375 0.03125 0.957812 0.03125 0.954687 0.028125 0.954687 0.0265625 0.953125 0.025 0.951563 0.025 0.948438 0.021875 0.948438 0.0203125 0.946875 0.01875
0 0.407813 0.45625 0.40625 0.457812 0.40625 0.471875 0.407813 0.473437 0.407813 0.475 0.410937 0.478125 0.410937 0.479688 0.4125 0.48125 0.4125 0.4875 0.414062 0.489062 0.414062 0.492188 0.415625 0.49375 0.415625 0.495313 0.41875 0.498437 0.41875 0.5 0.423438 0.5 0.426562 0.496875 0.426562 0.495313 0.425 0.49375 0.425 0.489062 0.423438 0.4875 0.423438 0.48125 0.421875 0.479688 0.421875 0.476562 0.41875 0.473437 0.41875 0.470313 0.417188 0.46875 0.417188 0.459375 0.414062 0.45625
0 0.359375 0.90625 0.35625 0.909375 0.35625 0.910937 0.357812 0.9125 0.357812 0.91875 0.359375 0.920313 0.359375 0.921875 0.360938 0.923437 0.360938 0.926562 0.3625 0.928125 0.3625 0.934375 0.370313 0.942187 0.373437 0.942187 0.375 0.940625 0.375 0.935938 0.373437 0.934375 0.373437 0.93125 0.371875 0.929688 0.371875 0.926562 0.367188 0.921875 0.367188 0.914062 0.365625 0.9125 0.365625 0.910937 0.3625 0.907812 0.360938 0.907812
0 0.445312 0.60625 0.44375 0.607813 0.44375 0.615625 0.445312 0.617188 0.445312 0.621875 0.448438 0.625 0.448438 0.626562 0.45 0.628125 0.45 0.634375 0.451562 0.635938 0.451562 0.6375 0.45625 0.642187 0.459375 0.642187 0.460938 0.640625 0.460938 0.632812 0.459375 0.63125 0.459375 0.629687 0.45625 0.626562 0.45625 0.623438 0.454688 0.621875 0.454688 0.6125 0.453125 0.610937 0.453125 0.609375 0.451562 0.607813 0.45 0.607813 0.448438 0.60625
0 0.932813 0.11875 0.93125 0.120312 0.93125 0.129688 0.932813 0.13125 0.932813 0.132812 0.935938 0.135937 0.935938 0.1375 0.9375 0.139062 0.9375 0.140625 0.939062 0.142188 0.940625 0.142188 0.942187 0.140625 0.94375 0.140625 0.94375 0.134375 0.942187 0.132812 0.942187 0.126563 0.940625 0.125 0.940625 0.123438 0.9375 0.120312 0.935938 0.120312 0.934375 0.11875
0 0.795313 0.91875 0.79375 0.920313 0.79375 0.926562 0.795313 0.928125 0.795313 0.929688 0.8 0.934375 0.8 0.939062 0.801562 0.940625 0.804688 0.940625 0.80625 0.939062 0.80625 0.93125 0.804688 0.929688 0.804688 0.921875 0.801562 0.91875
0 0.0078125 0.167187 0.0078125 0.170312 0.00625 0.171875 0.00625 0.184375 0.0078125 0.185937 0.0078125 0.1875 0.009375 0.1875 0.0109375 0.185937 0.0109375 0.171875 0.009375 0.170312 0.009375 0.167187
0 0.0453125 0.26875 0.04375 0.270312 0.04375 0.290625 0.0453125 0.292188 0.0453125 0.295312 0.0484375 0.298438 0.0484375 0.3 0.05 0.301562 0.05 0.303125 0.053125 0.30625 0.0546875 0.304688 0.0546875 0.303125 0.05625 0.301562 0.0546875 0.3 0.0546875 0.289062 0.05 0.284375 0.05 0.28125 0.0484375 0.279687 0.0484375 0.270312 0.046875 0.26875
0 0.932813 0.5 0.93125 0.501562 0.93125 0.507812 0.94375 0.520312 0.94375 0.521875 0.945312 0.523438 0.946875 0.523438 0.948438 0.525 0.95 0.525 0.951563 0.526563 0.953125 0.526563 0.954687 0.525 0.954687 0.520312 0.948438 0.514063 0.948438 0.5125 0.940625 0.504687 0.940625 0.503125 0.939062 0.501562 0.9375 0.501562 0.935938 0.5
0 0.23125 0.51875 0.229687 0.520312 0.228125 0.520312 0.226562 0.521875 0.226562 0.529688 0.225 0.53125 0.225 0.564062 0.226562 0.565625 0.228125 0.565625 0.229687 0.564062 0.229687 0.557813 0.23125 0.55625 0.23125 0.551562 0.232812 0.55 0.232812 0.546875 0.234375 0.545313 0.234375 0.539062 0.235938 0.5375 0.235938 0.525 0.2375 0.523438 0.2375 0.521875 0.234375 0.51875
0 0.0890625 0.525 0.0875 0.526563 0.0875 0.534375 0.0859375 0.535937 0.0859375 0.539062 0.0828125 0.542188 0.0828125 0.545313 0.08125 0.546875 0.08125 0.564062 0.0828125 0.565625 0.0859375 0.565625 0.0859375 0.564062 0.090625 0.559375 0.090625 0.557813 0.0921875 0.55625 0.0921875 0.539062 0.09375 0.5375 0.09375 0.535937 0.096875 0.532812 0.096875 0.529688 0.0984375 0.528125 0.0953125 0.525
0 0.0453125 0.58125 0.04375 0.582812 0.04375 0.603125 0.0453125 0.604688 0.0453125 0.60625 0.0484375 0.609375 0.0484375 0.6125 0.05 0.614062 0.05 0.61875 0.0515625 0.620313 0.0515625 0.621875 0.0546875 0.621875 0.05625 0.620313 0.05625 0.61875 0.0578125 0.617188 0.0578125 0.614062 0.05625 0.6125 0.05625 0.610937 0.0546875 0.609375 0.0546875 0.601562 0.053125 0.6 0.053125 0.598437 0.0515625 0.596875 0.0515625 0.595312 0.05 0.59375 0.05 0.592188 0.0484375 0.590625 0.0484375 0.582812 0.046875 0.58125
0 0.0953125 0.075 0.09375 0.0765625 0.09375 0.096875 0.096875 0.1 0.0984375 0.1 0.1 0.0984375 0.103125 0.0984375 0.103125 0.0921875 0.101562 0.090625 0.101562 0.0890625 0.1 0.0875 0.1 0.0859375 0.0984375 0.084375 0.0984375 0.0765625 0.096875 0.075
0 0.125 0.2375 0.123438 0.239063 0.121875 0.239063 0.120312 0.240625 0.120312 0.242188 0.11875 0.24375 0.11875 0.253125 0.120312 0.254687 0.120312 0.25625 0.121875 0.25625 0.121875 0.254687 0.123438 0.253125 0.123438 0.251563 0.129688 0.245312 0.129688 0.242188 0.13125 0.240625 0.128125 0.2375
0 0.982813 0.75 0.98125 0.751562 0.98125 0.759375 0.985937 0.764063 0.985937 0.765625 0.9875 0.767187 0.9875 0.76875 0.989062 0.770312 0.989062 0.771875 0.99375 0.776563 0.99375 0.778125 0.995313 0.779688 0.995313 0.78125 0.998438 0.78125 0.998438 0.754687 0.996875 0.754687 0.99375 0.751562 0.990625 0.751562 0.989062 0.75
0 0.895312 0.40625 0.89375 0.407813 0.89375 0.4125 0.895312 0.414062 0.895312 0.415625 0.896875 0.417188 0.898438 0.417188 0.9 0.41875 0.9 0.420312 0.901563 0.421875 0.903125 0.421875 0.904688 0.423438 0.909375 0.423438 0.910937 0.421875 0.910937 0.41875 0.909375 0.417188 0.909375 0.415625 0.904688 0.410937 0.904688 0.409375 0.903125 0.407813 0.901563 0.407813 0.9 0.40625
0 0.764063 0.59375 0.7625 0.595312 0.7625 0.598437 0.764063 0.6 0.764063 0.601562 0.767187 0.604688 0.767187 0.60625 0.76875 0.607813 0.76875 0.609375 0.770312 0.610937 0.770312 0.614062 0.771875 0.615625 0.773438 0.615625 0.776563 0.61875 0.778125 0.617188 0.779688 0.617188 0.78125 0.615625 0.78125 0.6125 0.779688 0.610937 0.779688 0.60625 0.778125 0.604688 0.778125 0.603125 0.775 0.6 0.775 0.596875 0.771875 0.59375
0 0.207813 0.3125 0.20625 0.314063 0.20625 0.317187 0.204688 0.31875 0.204688 0.321875 0.201562 0.325 0.201562 0.326562 0.2 0.328125 0.2 0.346875 0.201562 0.348437 0.201562 0.35 0.203125 0.35 0.203125 0.348437 0.204688 0.346875 0.204688 0.342187 0.20625 0.340625 0.20625 0.3375 0.209375 0.334375 0.209375 0.33125 0.210938 0.329688 0.210938 0.320312 0.2125 0.31875 0.2125 0.317187 0.214062 0.315625 0.210938 0.3125
0 0.107813 0.167187 0.107813 0.170312 0.110937 0.173438 0.110937 0.175 0.1125 0.176563 0.1125 0.178125 0.114063 0.179688 0.115625 0.179688 0.11875 0.182812 0.11875 0.184375 0.120312 0.185937 0.121875 0.185937 0.125 0.189063 0.125 0.190625 0.126563 0.190625 0.128125 0.192188 0.13125 0.189063 0.13125 0.184375 0.115625 0.16875 0.1125 0.16875 0.110937 0.167187
0 0.826563 0.58125 0.825 0.582812 0.825 0.590625 0.828125 0.59375 0.829687 0.59375 0.83125 0.595312 0.83125 0.596875 0.834375 0.596875 0.835938 0.595312 0.835938 0.590625 0.834375 0.589063 0.834375 0.5875 0.832812 0.5875 0.83125 0.585938 0.83125 0.584375 0.828125 0.58125
0 0.826563 0.35 0.825 0.351562 0.825 0.365625 0.826563 0.367188 0.826563 0.370313 0.828125 0.371875 0.829687 0.371875 0.832812 0.375 0.834375 0.375 0.834375 0.373437 0.835938 0.371875 0.835938 0.3625 0.834375 0.360938 0.834375 0.357812 0.83125 0.354688 0.83125 0.353125 0.828125 0.35
0 0.782812 0.04375 0.78125 0.0453125 0.78125 0.0515625 0.782812 0.053125 0.782812 0.0546875 0.784375 0.0546875 0.785937 0.05625 0.785937 0.0578125 0.7875 0.059375 0.7875 0.0609375 0.789062 0.0625 0.792188 0.0625 0.795313 0.059375 0.795313 0.0578125 0.79375 0.05625 0.79375 0.0546875 0.792188 0.053125 0.792188 0.0484375 0.790625 0.046875 0.790625 0.0453125 0.789062 0.0453125 0.7875 0.04375
0 0.464063 0.7 0.4625 0.701563 0.4625 0.704687 0.464063 0.70625 0.464063 0.707812 0.46875 0.7125 0.470313 0.7125 0.475 0.717188 0.479688 0.717188 0.48125 0.715625 0.48125 0.714063 0.479688 0.7125 0.479688 0.710938 0.471875 0.703125 0.470313 0.703125 0.467187 0.7
0 0.364062 0.31875 0.3625 0.320312 0.3625 0.35 0.364062 0.351562 0.364062 0.353125 0.365625 0.353125 0.365625 0.351562 0.367188 0.35 0.367188 0.320312 0.365625 0.31875
0 0.270312 0.41875 0.26875 0.420312 0.26875 0.435937 0.270312 0.4375 0.270312 0.439063 0.273438 0.442187 0.273438 0.44375 0.275 0.445312 0.275 0.448438 0.276563 0.45 0.276563 0.451562 0.278125 0.451562 0.28125 0.448438 0.28125 0.44375 0.279687 0.442187 0.279687 0.43125 0.278125 0.429688 0.278125 0.428125 0.276563 0.426562 0.276563 0.425 0.275 0.423438 0.275 0.421875 0.271875 0.41875
0 0.851562 0.6375 0.85 0.639063 0.85 0.65 0.851562 0.651563 0.851562 0.653125 0.857813 0.659375 0.857813 0.660937 0.864062 0.667188 0.867188 0.667188 0.86875 0.665625 0.86875 0.6625 0.867188 0.660937 0.867188 0.657812 0.8625 0.653125 0.8625 0.651563 0.860937 0.65 0.860937 0.648438 0.859375 0.646875 0.859375 0.645312 0.854688 0.640625 0.854688 0.639063 0.853125 0.6375
0 0.314063 0.957812 0.314063 0.973437 0.3125 0.975 0.3125 0.990625 0.314063 0.992188 0.320312 0.992188 0.323438 0.989062 0.323438 0.984375 0.321875 0.982813 0.321875 0.976562 0.320312 0.975 0.320312 0.971875 0.31875 0.970312 0.31875 0.965625 0.317187 0.964063 0.31875 0.9625 0.31875 0.959375 0.317187 0.957812
0 0.345313 0.13125 0.34375 0.132812 0.34375 0.145313 0.345313 0.146875 0.345313 0.148438 0.353125 0.148438 0.353125 0.146875 0.354688 0.145313 0.354688 0.14375 0.353125 0.142188 0.353125 0.139062 0.35 0.135937 0.35 0.134375 0.346875 0.13125
0 0.164062 0.551562 0.1625 0.553125 0.1625 0.584375 0.165625 0.5875 0.170312 0.582812 0.16875 0.58125 0.16875 0.573438 0.167187 0.571875 0.167187 0.553125 0.165625 0.551562
0 0.320312 0.38125 0.31875 0.382812 0.31875 0.409375 0.320312 0.410937 0.321875 0.410937 0.323438 0.409375 0.323438 0.382812 0.321875 0.38125
0 0.814062 0.23125 0.8125 0.232812 0.8125 0.2375 0.814062 0.239063 0.814062 0.240625 0.826563 0.253125 0.828125 0.253125 0.829687 0.251563 0.829687 0.24375 0.828125 0.242188 0.828125 0.240625 0.823438 0.235938 0.823438 0.234375 0.820312 0.23125
0 0.439063 0.89375 0.4375 0.895312 0.4375 0.9125 0.439063 0.914062 0.439063 0.917188 0.442187 0.920313 0.442187 0.921875 0.445312 0.925 0.446875 0.925 0.448438 0.923437 0.45 0.923437 0.451562 0.921875 0.451562 0.920313 0.45 0.91875 0.45 0.915625 0.448438 0.914062 0.448438 0.907812 0.446875 0.90625 0.446875 0.903125 0.445312 0.901563 0.445312 0.898438 0.44375 0.896875 0.44375 0.895312 0.442187 0.895312 0.440625 0.89375
0 0.0203125 0.0765625 0.0203125 0.09375 0.01875 0.0953125 0.01875 0.0984375 0.0203125 0.1 0.0203125 0.104687 0.0234375 0.107813 0.0234375 0.109375 0.025 0.109375 0.0265625 0.110937 0.0296875 0.110937 0.03125 0.109375 0.03125 0.103125 0.0296875 0.101562 0.0296875 0.090625 0.028125 0.0890625 0.028125 0.0859375 0.0265625 0.084375 0.0265625 0.0828125 0.0234375 0.0796875 0.0234375 0.078125 0.021875 0.0765625
0 0.814062 0.926562 0.8125 0.928125 0.8125 0.946875 0.814062 0.948438 0.815625 0.948438 0.817187 0.946875 0.817187 0.928125 0.815625 0.926562
0 0.132812 0.425 0.13125 0.426562 0.13125 0.445312 0.132812 0.446875 0.132812 0.454688 0.134375 0.454688 0.134375 0.446875 0.135937 0.445312 0.135937 0.429688 0.1375 0.428125 0.134375 0.425
0 0.151562 0.90625 0.15 0.907812 0.15 0.939062 0.151562 0.940625 0.151562 0.94375 0.153125 0.945312 0.154687 0.945312 0.15625 0.946875 0.159375 0.946875 0.164062 0.942187 0.164062 0.9375 0.1625 0.935938 0.1625 0.93125 0.160938 0.929688 0.160938 0.909375 0.157813 0.90625
0 0.595312 0.15 0.59375 0.151562 0.59375 0.167187 0.595312 0.16875 0.595312 0.171875 0.6 0.176563 0.603125 0.176563 0.603125 0.175 0.604688 0.173438 0.604688 0.164062 0.603125 0.1625 0.603125 0.159375 0.601562 0.157813 0.601562 0.15625 0.6 0.154687 0.6 0.153125 0.596875 0.15
0 0.107813 0.173438 0.107813 0.175 0.10625 0.176563 0.10625 0.196875 0.107813 0.198437 0.109375 0.198437 0.110937 0.196875 0.110937 0.176563 0.109375 0.175 0.109375 0.173438
0 0.0453125 0.86875 0.04375 0.870313 0.04375 0.889063 0.0453125 0.890625 0.0453125 0.89375 0.046875 0.89375 0.046875 0.892187 0.0484375 0.890625 0.0484375 0.884375 0.05 0.882812 0.05 0.878125 0.0515625 0.876562 0.0515625 0.873438 0.053125 0.871875 0.0515625 0.870313 0.05 0.870313 0.0484375 0.86875
0 0.207813 0.75625 0.20625 0.757812 0.20625 0.782812 0.207813 0.784375 0.210938 0.784375 0.2125 0.782812 0.2125 0.78125 0.215625 0.778125 0.215625 0.757812 0.2125 0.757812 0.210938 0.75625
0 0.857813 0.175 0.85625 0.176563 0.85625 0.18125 0.857813 0.182812 0.857813 0.184375 0.871875 0.198437 0.873438 0.196875 0.875 0.196875 0.875 0.19375 0.873438 0.192188 0.873438 0.189063 0.867188 0.182812 0.867188 0.18125 0.860937 0.175
0 0.370313 0.682813 0.36875 0.684375 0.36875 0.696875 0.371875 0.7 0.371875 0.701563 0.373437 0.703125 0.373437 0.704687 0.375 0.70625 0.375 0.709375 0.378125 0.7125 0.38125 0.709375 0.38125 0.70625 0.379687 0.704687 0.379687 0.696875 0.375 0.692187 0.375 0.690625 0.373437 0.689062 0.373437 0.684375 0.371875 0.682813
0 0.120312 0.614062 0.120312 0.621875 0.121875 0.623438 0.121875 0.632812 0.123438 0.634375 0.123438 0.642187 0.125 0.64375 0.125 0.646875 0.126563 0.648438 0.129688 0.648438 0.13125 0.646875 0.13125 0.640625 0.129688 0.639063 0.129688 0.626562 0.128125 0.625 0.128125 0.623438 0.123438 0.61875 0.123438 0.615625 0.121875 0.614062
0 0.520312 0.1875 0.51875 0.189063 0.51875 0.203125 0.520312 0.204688 0.521875 0.204688 0.523438 0.203125 0.523438 0.189063 0.521875 0.1875
0 0.564062 0.432813 0.5625 0.434375 0.5625 0.45625 0.564062 0.457812 0.564062 0.459375 0.571875 0.459375 0.571875 0.45625 0.570312 0.454688 0.570312 0.453125 0.56875 0.451562 0.56875 0.448438 0.567187 0.446875 0.567187 0.434375 0.565625 0.432813
0 0.159375 0.825 0.15625 0.828125 0.15625 0.835938 0.157813 0.8375 0.157813 0.846875 0.15625 0.848437 0.15625 0.864062 0.157813 0.865625 0.164062 0.865625 0.165625 0.864062 0.165625 0.8625 0.167187 0.860937 0.167187 0.828125 0.165625 0.826563 0.1625 0.826563 0.160938 0.825
0 0.0453125 0.66875 0.04375 0.670313 0.04375 0.698438 0.0453125 0.7 0.0453125 0.701563 0.05 0.701563 0.0515625 0.7 0.053125 0.7 0.053125 0.698438 0.0546875 0.696875 0.0546875 0.679688 0.053125 0.678125 0.053125 0.671875 0.0515625 0.670313 0.05 0.670313 0.0484375 0.66875
0 0.526563 0.09375 0.525 0.0953125 0.525 0.096875 0.539062 0.110937 0.540625 0.110937 0.542188 0.109375 0.542188 0.10625 0.540625 0.104687 0.540625 0.103125 0.535937 0.0984375 0.535937 0.096875 0.532812 0.09375
0 0.620313 0.884375 0.620313 0.901563 0.621875 0.901563 0.621875 0.884375
0 0.676562 0.8625 0.675 0.864062 0.675 0.879687 0.676562 0.88125 0.676562 0.884375 0.679688 0.8875 0.679688 0.889063 0.68125 0.890625 0.68125 0.896875 0.682813 0.898438 0.682813 0.901563 0.685938 0.904688 0.685938 0.90625 0.6875 0.907812 0.6875 0.9125 0.689062 0.914062 0.689062 0.915625 0.69375 0.920313 0.69375 0.921875 0.695312 0.923437 0.695312 0.925 0.698438 0.925 0.698438 0.923437 0.7 0.921875 0.7 0.920313 0.698438 0.91875 0.698438 0.914062 0.696875 0.9125 0.696875 0.910937 0.695312 0.909375 0.695312 0.907812 0.69375 0.90625 0.69375 0.904688 0.692187 0.903125 0.692187 0.898438 0.690625 0.896875 0.690625 0.89375 0.6875 0.890625 0.6875 0.8875 0.685938 0.885938 0.685938 0.88125 0.684375 0.879687 0.684375 0.873438 0.682813 0.871875 0.682813 0.86875 0.68125 0.867188 0.68125 0.865625 0.678125 0.8625
0 0.496875 0.83125 0.49375 0.834375 0.49375 0.867188 0.495313 0.86875 0.495313 0.870313 0.496875 0.871875 0.5 0.86875 0.5 0.854688 0.498437 0.853125 0.498437 0.845312 0.5 0.84375 0.5 0.834375
0 0.201562 0.5125 0.2 0.514063 0.2 0.551562 0.201562 0.553125 0.201562 0.554688 0.203125 0.554688 0.203125 0.553125 0.204688 0.551562 0.204688 0.539062 0.20625 0.5375 0.20625 0.529688 0.207813 0.528125 0.207813 0.523438 0.209375 0.521875 0.209375 0.514063 0.20625 0.514063 0.204688 0.5125
0 0.0265625 0.48125 0.025 0.482812 0.025 0.495313 0.0265625 0.496875 0.0265625 0.498437 0.03125 0.503125 0.0328125 0.503125 0.034375 0.504687 0.0359375 0.503125 0.0390625 0.503125 0.0390625 0.501562 0.0375 0.5 0.0375 0.498437 0.0359375 0.496875 0.0359375 0.495313 0.034375 0.49375 0.034375 0.492188 0.03125 0.489062 0.03125 0.485938 0.0296875 0.484375 0.0296875 0.482812 0.028125 0.48125
0 0.976562 0.332812 0.976562 0.334375 0.984375 0.342187 0.989062 0.342187 0.990625 0.340625 0.990625 0.339063 0.989062 0.339063 0.985937 0.335938 0.985937 0.334375 0.984375 0.332812
0 0.151562 0.66875 0.15 0.670313 0.15 0.678125 0.151562 0.679688 0.154687 0.679688 0.1625 0.671875 0.159375 0.66875
0 0.551562 0.075 0.55 0.0765625 0.55 0.0875 0.551562 0.0890625 0.551562 0.090625 0.553125 0.0921875 0.559375 0.0921875 0.559375 0.090625 0.560938 0.0890625 0.560938 0.0875 0.559375 0.0859375 0.559375 0.08125 0.55625 0.078125 0.55625 0.0765625 0.554688 0.0765625 0.553125 0.075
0 0.714063 0.68125 0.7125 0.682813 0.7125 0.7 0.714063 0.701563 0.714063 0.703125 0.715625 0.703125 0.715625 0.701563 0.717188 0.7 0.717188 0.682813 0.715625 0.68125
0 0.526563 0.632812 0.526563 0.6375 0.525 0.639063 0.525 0.667188 0.526563 0.66875 0.526563 0.670313 0.528125 0.670313 0.529688 0.66875 0.529688 0.667188 0.53125 0.665625 0.53125 0.660937 0.529688 0.659375 0.529688 0.6375 0.528125 0.635938 0.528125 0.632812
0 0.789062 0.61875 0.7875 0.620313 0.7875 0.632812 0.789062 0.634375 0.789062 0.6375 0.790625 0.639063 0.790625 0.640625 0.792188 0.642187 0.792188 0.645312 0.79375 0.646875 0.79375 0.653125 0.795313 0.654688 0.795313 0.65625 0.798437 0.65625 0.8 0.654688 0.801562 0.654688 0.801562 0.653125 0.803125 0.651563 0.801562 0.65 0.801562 0.646875 0.8 0.645312 0.8 0.639063 0.798437 0.6375 0.798437 0.629687 0.796875 0.628125 0.796875 0.623438 0.79375 0.620313 0.792188 0.620313 0.790625 0.61875
0 0.370313 0.814062 0.370313 0.826563 0.36875 0.828125 0.36875 0.840625 0.370313 0.842188 0.375 0.842188 0.376563 0.840625 0.376563 0.8375 0.375 0.835938 0.375 0.83125 0.373437 0.829687 0.373437 0.815625 0.371875 0.814062
0 0.170312 0.09375 0.16875 0.0953125 0.16875 0.132812 0.170312 0.134375 0.170312 0.135937 0.178125 0.135937 0.179688 0.134375 0.179688 0.110937 0.178125 0.109375 0.178125 0.096875 0.176563 0.0953125 0.175 0.0953125 0.173438 0.09375
0 0.120312 0.614062 0.120312 0.634375 0.121875 0.635938 0.121875 0.639063 0.123438 0.640625 0.123438 0.64375 0.125 0.645312 0.125 0.646875 0.126563 0.648438 0.128125 0.648438 0.129688 0.646875 0.129688 0.63125 0.128125 0.629687 0.128125 0.626562 0.123438 0.621875 0.123438 0.615625 0.121875 0.614062
0 0.745313 0.86875 0.74375 0.870313 0.74375 0.882812 0.745313 0.884375 0.745313 0.885938 0.748438 0.889063 0.748438 0.890625 0.75 0.892187 0.75 0.895312 0.751562 0.896875 0.751562 0.898438 0.754687 0.898438 0.757812 0.895312 0.757812 0.889063 0.75625 0.8875 0.75625 0.882812 0.754687 0.88125 0.754687 0.875 0.753125 0.873438 0.753125 0.871875 0.751562 0.870313 0.75 0.870313 0.748438 0.86875
0 0.176563 0.9875 0.175 0.989062 0.175 0.998438 0.184375 0.998438 0.184375 0.989062 0.18125 0.989062 0.179688 0.9875
0 0.282813 0.83125 0.28125 0.832812 0.28125 0.864062 0.284375 0.867188 0.285937 0.865625 0.2875 0.865625 0.289062 0.864062 0.289062 0.839063 0.2875 0.8375 0.2875 0.832812 0.285937 0.832812 0.284375 0.83125
0 0.420312 0.34375 0.41875 0.345313 0.41875 0.35625 0.420312 0.357812 0.420312 0.359375 0.425 0.364062 0.425 0.367188 0.426562 0.36875 0.426562 0.370313 0.432813 0.370313 0.432813 0.36875 0.43125 0.367188 0.43125 0.3625 0.429688 0.360938 0.429688 0.357812 0.428125 0.35625 0.428125 0.354688 0.425 0.351562 0.425 0.35 0.423438 0.348437 0.423438 0.345313 0.421875 0.34375
0 0.189063 0.20625 0.1875 0.207813 0.1875 0.214062 0.189063 0.215625 0.190625 0.215625 0.192188 0.214062 0.192188 0.207813 0.190625 0.20625
