0 0.221875 0.652679 0.220313 0.654269 0.21875 0.654269 0.21875 0.660631 0.217187 0.662221 0.217187 0.665402 0.214063 0.668583 0.214063 0.671763 0.2125 0.673354 0.2125 0.678125 0.210938 0.679715 0.210938 0.682896 0.207812 0.686077 0.207812 0.687667 0.20625 0.689258 0.20625 0.706752 0.207812 0.708343 0.207812 0.709933 0.209375 0.711523 0.214063 0.711523 0.215625 0.709933 0.215625 0.708343 0.217187 0.706752 0.217187 0.700391 0.21875 0.6988 0.21875 0.695619 0.221875 0.692439 0.221875 0.689258 0.223437 0.687667 0.223437 0.681306 0.225 0.679715 0.225 0.678125 0.228125 0.674944 0.228125 0.671763 0.229687 0.670173 0.229687 0.665402 0.23125 0.663811 0.23125 0.660631 0.232812 0.65904 0.232812 0.65745 0.234375 0.655859 0.234375 0.654269 0.23125 0.654269 0.229687 0.652679
0 0.332812 0.544531 0.33125 0.546122 0.33125 0.547712 0.329687 0.549302 0.329687 0.550893 0.326563 0.554074 0.326563 0.555664 0.325 0.557254 0.325 0.560435 0.323438 0.562026 0.323438 0.563616 0.320312 0.566797 0.320312 0.568387 0.31875 0.569978 0.31875 0.582701 0.320312 0.584291 0.320312 0.585882 0.321875 0.585882 0.323438 0.584291 0.325 0.584291 0.328125 0.58111 0.328125 0.57952 0.329687 0.57793 0.329687 0.574749 0.33125 0.573158 0.33125 0.571568 0.335938 0.566797 0.335938 0.562026 0.3375 0.560435 0.3375 0.558845 0.340625 0.555664 0.340625 0.554074 0.342188 0.552483 0.342188 0.546122 0.340625 0.544531
0 0.620312 0.0928571 0.61875 0.0944475 0.617188 0.0944475 0.615625 0.0960379 0.615625 0.0976283 0.614063 0.0992187 0.614063 0.100809 0.6125 0.1024 0.6125 0.108761 0.610937 0.110352 0.610937 0.111942 0.607813 0.115123 0.607813 0.116713 0.60625 0.118304 0.60625 0.132617 0.609375 0.135798 0.614063 0.135798 0.615625 0.134208 0.617188 0.134208 0.617188 0.131027 0.61875 0.129436 0.61875 0.126256 0.621875 0.123075 0.621875 0.121484 0.623438 0.119894 0.623438 0.111942 0.625 0.110352 0.625 0.108761 0.628125 0.10558 0.628125 0.1024 0.629688 0.100809 0.629688 0.0944475 0.628125 0.0928571
0 0.3875 0.557254 0.385938 0.558845 0.384375 0.558845 0.382812 0.560435 0.382812 0.562026 0.38125 0.563616 0.38125 0.566797 0.376562 0.571568 0.376562 0.574749 0.375 0.576339 0.375 0.587472 0.376562 0.589063 0.376562 0.592243 0.378125 0.592243 0.382812 0.587472 0.384375 0.587472 0.384375 0.585882 0.385938 0.584291 0.385938 0.582701 0.3875 0.58111 0.3875 0.57952 0.390625 0.576339 0.390625 0.574749 0.392187 0.573158 0.392187 0.569978 0.39375 0.568387 0.39375 0.566797 0.396875 0.563616 0.396875 0.558845 0.395312 0.557254
0 0.364062 0.156473 0.360937 0.159654 0.360937 0.161244 0.357813 0.164425 0.357813 0.166016 0.35625 0.167606 0.35625 0.172377 0.354688 0.173968 0.354688 0.175558 0.351562 0.178739 0.351562 0.180329 0.35 0.18192 0.35 0.18351 0.348437 0.1851 0.348437 0.186691 0.34375 0.191462 0.34375 0.207366 0.345312 0.208956 0.345312 0.210547 0.348437 0.210547 0.353125 0.205776 0.353125 0.204185 0.354688 0.202595 0.354688 0.197824 0.357813 0.194643 0.357813 0.193052 0.360937 0.189872 0.360937 0.18351 0.365625 0.178739 0.365625 0.177148 0.367188 0.175558 0.367188 0.170787 0.371875 0.166016 0.371875 0.161244 0.373438 0.159654 0.370313 0.156473
0 0.546875 0.372768 0.545312 0.374358 0.54375 0.374358 0.54375 0.377539 0.542188 0.379129 0.542188 0.38231 0.539062 0.385491 0.539062 0.387081 0.5375 0.388672 0.5375 0.395034 0.535937 0.396624 0.535937 0.398214 0.532812 0.401395 0.532812 0.402986 0.53125 0.404576 0.53125 0.42207 0.532812 0.423661 0.532812 0.425251 0.5375 0.425251 0.542188 0.42048 0.542188 0.414118 0.54375 0.412528 0.54375 0.410937 0.546875 0.407757 0.546875 0.406166 0.548437 0.404576 0.548437 0.399805 0.55 0.398214 0.55 0.396624 0.553125 0.393443 0.553125 0.391853 0.554688 0.390262 0.554688 0.385491 0.55625 0.383901 0.55625 0.38231 0.557813 0.38072 0.557813 0.379129 0.559375 0.377539 0.559375 0.374358 0.55625 0.374358 0.554688 0.372768
0 0.151563 0.290067 0.15 0.291657 0.15 0.3012 0.148438 0.30279 0.148438 0.305971 0.145312 0.309152 0.145312 0.312333 0.14375 0.313923 0.14375 0.331417 0.145312 0.333008 0.145312 0.334598 0.146875 0.336189 0.151563 0.336189 0.153125 0.334598 0.153125 0.333008 0.154687 0.331417 0.154687 0.323465 0.15625 0.321875 0.15625 0.320285 0.157813 0.318694 0.157813 0.317104 0.159375 0.315513 0.159375 0.313923 0.160937 0.312333 0.160937 0.304381 0.1625 0.30279 0.1625 0.3012 0.164062 0.299609 0.164062 0.296429 0.165625 0.294838 0.165625 0.293248 0.164062 0.291657 0.1625 0.291657 0.160937 0.290067
0 0.595312 0.843527 0.59375 0.845117 0.592188 0.845117 0.590625 0.846708 0.590625 0.848298 0.589062 0.849888 0.589062 0.851479 0.5875 0.853069 0.5875 0.859431 0.585938 0.861021 0.585938 0.862612 0.582813 0.865792 0.582813 0.868973 0.58125 0.870564 0.58125 0.884877 0.584375 0.888058 0.589062 0.888058 0.592188 0.884877 0.592188 0.883287 0.59375 0.881696 0.59375 0.878516 0.596875 0.875335 0.596875 0.872154 0.598438 0.870564 0.598438 0.862612 0.6 0.861021 0.6 0.85784 0.601562 0.85625 0.601562 0.85466 0.603125 0.853069 0.603125 0.848298 0.604687 0.846708 0.601562 0.843527
0 0.676563 0.290067 0.675 0.291657 0.673437 0.291657 0.673437 0.293248 0.671875 0.294838 0.671875 0.296429 0.670313 0.298019 0.670313 0.3012 0.66875 0.30279 0.66875 0.318694 0.670313 0.320285 0.670313 0.321875 0.671875 0.321875 0.678125 0.315513 0.678125 0.313923 0.679688 0.312333 0.679688 0.310742 0.68125 0.309152 0.68125 0.307561 0.684375 0.304381 0.684375 0.30279 0.685938 0.3012 0.685938 0.294838 0.6875 0.293248 0.684375 0.290067
0 0.025 0.0928571 0.0234375 0.0944475 0.021875 0.0944475 0.0203125 0.0960379 0.0203125 0.0976283 0.01875 0.0992187 0.01875 0.10399 0.015625 0.107171 0.015625 0.108761 0.0125 0.111942 0.0125 0.127846 0.0140625 0.129436 0.0171875 0.129436 0.021875 0.124665 0.021875 0.123075 0.0234375 0.121484 0.0234375 0.118304 0.0265625 0.115123 0.0265625 0.113532 0.028125 0.111942 0.028125 0.110352 0.0296875 0.108761 0.0296875 0.10558 0.03125 0.10399 0.03125 0.100809 0.034375 0.0976283 0.034375 0.0944475 0.03125 0.0944475 0.0296875 0.0928571
0 0.620312 0.220089 0.617188 0.22327 0.617188 0.224861 0.615625 0.226451 0.615625 0.228041 0.614063 0.229632 0.614063 0.231222 0.6125 0.232813 0.6125 0.255078 0.614063 0.256669 0.614063 0.258259 0.617188 0.258259 0.61875 0.256669 0.620312 0.256669 0.621875 0.255078 0.621875 0.251897 0.623438 0.250307 0.623438 0.240765 0.625 0.239174 0.625 0.235993 0.628125 0.232813 0.628125 0.229632 0.629688 0.228041 0.629688 0.22168 0.628125 0.220089
0 0.657812 0.627232 0.65625 0.628823 0.65625 0.630413 0.654688 0.632003 0.654688 0.636775 0.653125 0.638365 0.653125 0.639955 0.651562 0.641546 0.651562 0.644727 0.65 0.646317 0.65 0.668583 0.651562 0.670173 0.651562 0.671763 0.65625 0.671763 0.657812 0.670173 0.659375 0.670173 0.659375 0.668583 0.660938 0.666992 0.660938 0.65904 0.6625 0.65745 0.6625 0.654269 0.665625 0.651088 0.665625 0.646317 0.667187 0.644727 0.667187 0.635184 0.66875 0.633594 0.66875 0.628823 0.667187 0.628823 0.665625 0.627232
0 0.601562 0.487277 0.6 0.488867 0.598438 0.488867 0.595312 0.492048 0.595312 0.493638 0.59375 0.495229 0.59375 0.49841 0.592188 0.5 0.592188 0.503181 0.5875 0.507952 0.5875 0.522266 0.589062 0.523856 0.590625 0.523856 0.592188 0.522266 0.59375 0.522266 0.596875 0.519085 0.596875 0.517494 0.598438 0.515904 0.598438 0.514314 0.6 0.512723 0.6 0.511133 0.603125 0.507952 0.603125 0.506362 0.604687 0.504771 0.604687 0.50159 0.609375 0.496819 0.609375 0.492048 0.610937 0.490458 0.607813 0.487277
0 0.09375 0.391853 0.0921875 0.393443 0.090625 0.393443 0.0890625 0.395034 0.0890625 0.396624 0.0875 0.398214 0.0875 0.407757 0.0859375 0.409347 0.0859375 0.412528 0.084375 0.414118 0.084375 0.415709 0.0828125 0.417299 0.0828125 0.418889 0.08125 0.42048 0.08125 0.433203 0.0828125 0.434794 0.0828125 0.436384 0.084375 0.437974 0.0859375 0.437974 0.0875 0.436384 0.090625 0.436384 0.090625 0.434794 0.0921875 0.433203 0.0921875 0.425251 0.09375 0.423661 0.09375 0.42048 0.0953125 0.418889 0.0953125 0.417299 0.096875 0.415709 0.096875 0.414118 0.0984375 0.412528 0.0984375 0.401395 0.1 0.399805 0.1 0.396624 0.101562 0.395034 0.101562 0.393443 0.1 0.393443 0.0984375 0.391853
0 0.36875 0.684487 0.367188 0.686077 0.365625 0.686077 0.364062 0.687667 0.364062 0.689258 0.3625 0.690848 0.3625 0.694029 0.360937 0.695619 0.360937 0.69721 0.359375 0.6988 0.359375 0.700391 0.357813 0.701981 0.357813 0.703571 0.35625 0.705162 0.35625 0.708343 0.354688 0.709933 0.354688 0.711523 0.351562 0.714704 0.351562 0.716295 0.35 0.717885 0.35 0.733789 0.351562 0.735379 0.351562 0.73856 0.353125 0.73856 0.354688 0.73697 0.354688 0.735379 0.357813 0.732199 0.357813 0.730608 0.359375 0.729018 0.359375 0.727427 0.360937 0.725837 0.360937 0.722656 0.364062 0.719475 0.364062 0.717885 0.365625 0.716295 0.365625 0.714704 0.367188 0.713114 0.367188 0.709933 0.36875 0.708343 0.36875 0.706752 0.371875 0.703571 0.371875 0.701981 0.373438 0.700391 0.373438 0.695619 0.375 0.694029 0.375 0.692439 0.378125 0.689258 0.378125 0.686077 0.376562 0.686077 0.375 0.684487
0 0.0125 0.353683 0.0078125 0.358454 0.0078125 0.361635 0.00625 0.363225 0.00625 0.369587 0.0046875 0.371177 0.0046875 0.372768 0.0015625 0.375949 0 0.375949 0 0.401395 0.003125 0.401395 0.00625 0.398214 0.00625 0.396624 0.009375 0.393443 0.009375 0.391853 0.0109375 0.390262 0.0109375 0.387081 0.0125 0.385491 0.0125 0.38231 0.015625 0.379129 0.015625 0.377539 0.0171875 0.375949 0.0171875 0.369587 0.01875 0.367997 0.01875 0.364816 0.021875 0.361635 0.021875 0.355273 0.0203125 0.353683
0 0.8625 0.321875 0.860937 0.323465 0.857813 0.323465 0.857813 0.326646 0.85625 0.328237 0.85625 0.333008 0.854687 0.334598 0.854687 0.336189 0.853125 0.337779 0.853125 0.339369 0.851562 0.34096 0.851562 0.34255 0.85 0.344141 0.85 0.366406 0.851562 0.367997 0.851562 0.369587 0.854687 0.369587 0.859375 0.364816 0.859375 0.363225 0.860937 0.361635 0.860937 0.356864 0.8625 0.355273 0.8625 0.353683 0.865625 0.350502 0.865625 0.347321 0.867188 0.345731 0.867188 0.337779 0.86875 0.336189 0.86875 0.333008 0.871875 0.329827 0.871875 0.323465 0.870312 0.323465 0.86875 0.321875
0 0.5125 0.131027 0.510938 0.132617 0.509375 0.132617 0.507812 0.134208 0.507812 0.135798 0.50625 0.137388 0.50625 0.14534 0.504687 0.146931 0.504687 0.150112 0.501562 0.153292 0.501562 0.156473 0.5 0.158064 0.5 0.180329 0.501562 0.18192 0.501562 0.18351 0.503125 0.18351 0.509375 0.177148 0.509375 0.173968 0.510938 0.172377 0.510938 0.167606 0.5125 0.166016 0.5125 0.164425 0.514062 0.162835 0.514062 0.161244 0.515625 0.159654 0.515625 0.158064 0.517187 0.156473 0.517187 0.148521 0.51875 0.146931 0.51875 0.14534 0.520312 0.14375 0.520312 0.14216 0.521875 0.140569 0.521875 0.132617 0.520312 0.131027
0 0.789062 0.201004 0.785938 0.204185 0.785938 0.207366 0.782812 0.210547 0.782812 0.213728 0.78125 0.215318 0.78125 0.242355 0.782812 0.243945 0.782812 0.245536 0.784375 0.245536 0.790625 0.239174 0.790625 0.235993 0.792187 0.234403 0.792187 0.226451 0.79375 0.224861 0.79375 0.22168 0.796875 0.218499 0.796875 0.216908 0.798437 0.215318 0.798437 0.210547 0.8 0.208956 0.8 0.207366 0.801563 0.205776 0.801563 0.202595 0.8 0.202595 0.798437 0.201004
0 0.132812 0.544531 0.13125 0.546122 0.13125 0.547712 0.129688 0.549302 0.129688 0.554074 0.126562 0.557254 0.126562 0.558845 0.125 0.560435 0.125 0.565206 0.123437 0.566797 0.123437 0.568387 0.120312 0.571568 0.120312 0.573158 0.11875 0.574749 0.11875 0.587472 0.120312 0.589063 0.120312 0.590653 0.121875 0.592243 0.126562 0.592243 0.128125 0.590653 0.128125 0.589063 0.129688 0.587472 0.129688 0.585882 0.13125 0.584291 0.13125 0.582701 0.134375 0.57952 0.134375 0.576339 0.135937 0.574749 0.135937 0.571568 0.1375 0.569978 0.1375 0.566797 0.140625 0.563616 0.140625 0.562026 0.142188 0.560435 0.142188 0.554074 0.14375 0.552483 0.14375 0.549302 0.145312 0.547712 0.14375 0.546122 0.142188 0.546122 0.140625 0.544531
0 0.682812 0.493638 0.679688 0.496819 0.679688 0.5 0.678125 0.50159 0.678125 0.503181 0.676563 0.504771 0.676563 0.507952 0.675 0.509542 0.675 0.515904 0.673437 0.517494 0.673437 0.522266 0.671875 0.523856 0.671875 0.525446 0.670313 0.527037 0.670313 0.530218 0.66875 0.531808 0.66875 0.552483 0.671875 0.555664 0.673437 0.554074 0.678125 0.554074 0.678125 0.550893 0.679688 0.549302 0.679688 0.542941 0.68125 0.54135 0.68125 0.53817 0.682812 0.536579 0.682812 0.534989 0.684375 0.533398 0.684375 0.530218 0.685938 0.528627 0.685938 0.520675 0.6875 0.519085 0.6875 0.517494 0.689062 0.515904 0.689062 0.514314 0.690625 0.512723 0.690625 0.509542 0.692188 0.507952 0.692188 0.503181 0.69375 0.50159 0.69375 0.495229 0.692188 0.495229 0.690625 0.493638
0 0.309375 0.544531 0.307813 0.546122 0.30625 0.546122 0.30625 0.547712 0.304688 0.549302 0.304688 0.550893 0.301562 0.554074 0.301562 0.555664 0.3 0.557254 0.3 0.576339 0.301562 0.57793 0.301562 0.57952 0.304688 0.57952 0.307813 0.576339 0.309375 0.576339 0.309375 0.574749 0.310938 0.573158 0.310938 0.569978 0.314062 0.566797 0.314062 0.565206 0.315625 0.563616 0.315625 0.562026 0.317187 0.560435 0.317187 0.555664 0.31875 0.554074 0.31875 0.552483 0.321875 0.549302 0.321875 0.546122 0.320312 0.544531
0 0.320312 0.423661 0.31875 0.425251 0.31875 0.426841 0.317187 0.428432 0.317187 0.431613 0.315625 0.433203 0.315625 0.434794 0.314062 0.436384 0.314062 0.437974 0.3125 0.439565 0.3125 0.444336 0.310938 0.445926 0.310938 0.447517 0.309375 0.449107 0.309375 0.450698 0.307813 0.452288 0.307813 0.453878 0.30625 0.455469 0.30625 0.469782 0.307813 0.471373 0.315625 0.471373 0.315625 0.469782 0.317187 0.468192 0.317187 0.463421 0.31875 0.46183 0.31875 0.46024 0.320312 0.45865 0.320312 0.457059 0.321875 0.455469 0.321875 0.453878 0.323438 0.452288 0.323438 0.447517 0.325 0.445926 0.325 0.444336 0.326563 0.442746 0.326563 0.441155 0.328125 0.439565 0.328125 0.437974 0.329687 0.436384 0.329687 0.433203 0.33125 0.431613 0.33125 0.428432 0.332812 0.426841 0.33125 0.425251 0.329687 0.425251 0.328125 0.423661
0 0.189063 0.760826 0.1875 0.762416 0.1875 0.791043 0.189063 0.792634 0.189063 0.794224 0.190625 0.794224 0.195312 0.789453 0.195312 0.786272 0.196875 0.784682 0.196875 0.77832 0.198438 0.77673 0.198438 0.767187 0.2 0.765597 0.2 0.764007 0.196875 0.760826
0 0.220313 0.480915 0.21875 0.482506 0.21875 0.485686 0.217187 0.487277 0.217187 0.492048 0.215625 0.493638 0.215625 0.495229 0.214063 0.496819 0.214063 0.5 0.2125 0.50159 0.2125 0.506362 0.210938 0.507952 0.210938 0.511133 0.209375 0.512723 0.209375 0.514314 0.207812 0.515904 0.207812 0.519085 0.20625 0.520675 0.207812 0.522266 0.207812 0.523856 0.209375 0.525446 0.210938 0.523856 0.214063 0.523856 0.215625 0.522266 0.215625 0.520675 0.217187 0.519085 0.217187 0.515904 0.21875 0.514314 0.21875 0.512723 0.220313 0.511133 0.220313 0.509542 0.221875 0.507952 0.221875 0.506362 0.223437 0.504771 0.223437 0.49841 0.225 0.496819 0.225 0.493638 0.228125 0.490458 0.228125 0.487277 0.229687 0.485686 0.229687 0.482506 0.228125 0.482506 0.226562 0.480915
0 0.695312 0.393443 0.69375 0.395034 0.692188 0.395034 0.690625 0.396624 0.689062 0.396624 0.689062 0.398214 0.6875 0.399805 0.6875 0.401395 0.685938 0.402986 0.685938 0.404576 0.684375 0.406166 0.684375 0.407757 0.68125 0.410937 0.68125 0.412528 0.675 0.418889 0.673437 0.418889 0.670313 0.42207 0.670313 0.423661 0.66875 0.425251 0.66875 0.433203 0.670313 0.434794 0.670313 0.436384 0.676563 0.436384 0.679688 0.433203 0.679688 0.431613 0.68125 0.430022 0.68125 0.428432 0.682812 0.426841 0.682812 0.425251 0.684375 0.423661 0.684375 0.42207 0.685938 0.42048 0.685938 0.415709 0.6875 0.414118 0.6875 0.412528 0.690625 0.409347 0.690625 0.404576 0.692188 0.402986 0.692188 0.396624 0.69375 0.395034 0.695312 0.395034
0 0.851562 0.423661 0.848438 0.426841 0.848438 0.430022 0.846875 0.431613 0.846875 0.433203 0.845312 0.434794 0.845312 0.436384 0.84375 0.437974 0.84375 0.466602 0.846875 0.469782 0.853125 0.463421 0.853125 0.46024 0.854687 0.45865 0.854687 0.450698 0.85625 0.449107 0.85625 0.445926 0.857813 0.444336 0.857813 0.442746 0.859375 0.441155 0.859375 0.439565 0.860937 0.437974 0.860937 0.431613 0.8625 0.430022 0.8625 0.425251 0.860937 0.425251 0.859375 0.423661
0 0.482812 0.277344 0.48125 0.278934 0.48125 0.280525 0.479688 0.282115 0.479688 0.285296 0.476562 0.288477 0.476562 0.290067 0.475 0.291657 0.475 0.312333 0.478125 0.315513 0.482812 0.315513 0.485937 0.312333 0.485937 0.305971 0.4875 0.304381 0.4875 0.30279 0.489062 0.3012 0.489062 0.299609 0.490625 0.298019 0.490625 0.294838 0.492188 0.293248 0.492188 0.286886 0.49375 0.285296 0.49375 0.282115 0.495313 0.280525 0.495313 0.278934 0.49375 0.278934 0.492188 0.277344
0 0.189063 0.0546875 0.1875 0.0562779 0.1875 0.0578683 0.185937 0.0594587 0.185937 0.0626395 0.182813 0.0658203 0.182813 0.0674107 0.18125 0.0690011 0.18125 0.0721819 0.179688 0.0737723 0.179688 0.0753627 0.176562 0.0785435 0.176562 0.0801339 0.175 0.0817243 0.175 0.0944475 0.178125 0.0976283 0.179688 0.0960379 0.182813 0.0960379 0.184375 0.0944475 0.184375 0.0912667 0.185937 0.0896763 0.185937 0.0864955 0.189063 0.0833147 0.189063 0.0817243 0.190625 0.0801339 0.190625 0.0785435 0.192187 0.0769531 0.192187 0.0737723 0.19375 0.0721819 0.19375 0.0690011 0.196875 0.0658203 0.196875 0.0642299 0.198438 0.0626395 0.198438 0.0562779 0.196875 0.0546875
0 0.58125 0.493638 0.579687 0.495229 0.578125 0.495229 0.576563 0.496819 0.576563 0.5 0.575 0.50159 0.575 0.527037 0.578125 0.530218 0.579687 0.528627 0.58125 0.528627 0.58125 0.527037 0.582813 0.525446 0.582813 0.522266 0.584375 0.520675 0.584375 0.515904 0.585938 0.514314 0.585938 0.507952 0.5875 0.506362 0.5875 0.503181 0.590625 0.5 0.590625 0.495229 0.589062 0.493638
0 0.545312 0.639955 0.54375 0.641546 0.54375 0.643136 0.542188 0.644727 0.542188 0.649498 0.540625 0.651088 0.540625 0.652679 0.539062 0.654269 0.539062 0.65745 0.5375 0.65904 0.5375 0.662221 0.535937 0.663811 0.535937 0.665402 0.534375 0.666992 0.534375 0.668583 0.532812 0.670173 0.532812 0.671763 0.53125 0.673354 0.53125 0.687667 0.534375 0.690848 0.540625 0.690848 0.542188 0.689258 0.542188 0.686077 0.54375 0.684487 0.54375 0.681306 0.546875 0.678125 0.546875 0.674944 0.548437 0.673354 0.548437 0.668583 0.55 0.666992 0.55 0.665402 0.553125 0.662221 0.553125 0.65904 0.554688 0.65745 0.554688 0.654269 0.55625 0.652679 0.55625 0.649498 0.557813 0.647907 0.557813 0.641546 0.554688 0.641546 0.553125 0.639955
0 0.335938 0.919866 0.334375 0.921456 0.332812 0.921456 0.332812 0.924637 0.33125 0.926228 0.33125 0.93418 0.329687 0.93577 0.329687 0.938951 0.328125 0.940541 0.328125 0.942132 0.326563 0.943722 0.326563 0.948493 0.325 0.950084 0.325 0.970759 0.326563 0.972349 0.326563 0.97394 0.334375 0.97394 0.334375 0.972349 0.335938 0.970759 0.335938 0.965988 0.3375 0.964397 0.3375 0.959626 0.339063 0.958036 0.339063 0.954855 0.340625 0.953265 0.340625 0.948493 0.342188 0.946903 0.342188 0.93577 0.34375 0.93418 0.34375 0.930999 0.345312 0.929408 0.345312 0.927818 0.346875 0.926228 0.346875 0.921456 0.345312 0.921456 0.34375 0.919866
0 0.765625 0.69721 0.764063 0.6988 0.7625 0.6988 0.7625 0.701981 0.760937 0.703571 0.760937 0.705162 0.757812 0.708343 0.757812 0.709933 0.75625 0.711523 0.75625 0.725837 0.759375 0.729018 0.760937 0.729018 0.7625 0.727427 0.765625 0.727427 0.765625 0.725837 0.767187 0.724247 0.767187 0.717885 0.771875 0.713114 0.771875 0.711523 0.773438 0.709933 0.773438 0.706752 0.775 0.705162 0.775 0.703571 0.776562 0.701981 0.776562 0.6988 0.775 0.6988 0.773438 0.69721
0 0.878125 0.563616 0.875 0.566797 0.875 0.603376 0.878125 0.606557 0.879688 0.604967 0.884375 0.604967 0.885937 0.603376 0.885937 0.601786 0.8875 0.600195 0.8875 0.589063 0.889063 0.587472 0.889063 0.582701 0.890625 0.58111 0.890625 0.569978 0.892187 0.568387 0.892187 0.566797 0.889063 0.563616
0 0.726562 0.10558 0.725 0.107171 0.723438 0.107171 0.723438 0.108761 0.721875 0.110352 0.721875 0.115123 0.720312 0.116713 0.720312 0.121484 0.71875 0.123075 0.71875 0.148521 0.720312 0.150112 0.720312 0.153292 0.725 0.153292 0.726562 0.151702 0.728125 0.151702 0.728125 0.148521 0.729687 0.146931 0.729687 0.137388 0.73125 0.135798 0.73125 0.129436 0.732813 0.127846 0.732813 0.126256 0.734375 0.124665 0.734375 0.118304 0.735937 0.116713 0.735937 0.107171 0.734375 0.10558
0 0.48125 0.557254 0.479688 0.558845 0.478125 0.558845 0.476562 0.560435 0.476562 0.571568 0.475 0.573158 0.475 0.608147 0.476562 0.609738 0.476562 0.611328 0.482812 0.611328 0.484375 0.609738 0.484375 0.608147 0.485937 0.606557 0.485937 0.598605 0.4875 0.597014 0.4875 0.592243 0.489062 0.590653 0.489062 0.589063 0.490625 0.587472 0.490625 0.57952 0.492188 0.57793 0.492188 0.566797 0.49375 0.565206 0.49375 0.558845 0.492188 0.558845 0.490625 0.557254
0 0.160937 0.85625 0.159375 0.85784 0.157813 0.85784 0.157813 0.861021 0.15625 0.862612 0.15625 0.891239 0.157813 0.892829 0.157813 0.89442 0.159375 0.89601 0.160937 0.89442 0.160937 0.892829 0.164062 0.889648 0.164062 0.886468 0.165625 0.884877 0.165625 0.880106 0.167188 0.878516 0.167188 0.870564 0.16875 0.868973 0.16875 0.864202 0.170312 0.862612 0.170312 0.861021 0.171875 0.859431 0.170312 0.85784 0.16875 0.85784 0.167188 0.85625
0 0.239062 0.194643 0.234375 0.199414 0.234375 0.201004 0.232812 0.202595 0.232812 0.204185 0.23125 0.205776 0.23125 0.220089 0.232812 0.22168 0.232812 0.22327 0.240625 0.22327 0.242188 0.22168 0.242188 0.216908 0.24375 0.215318 0.24375 0.213728 0.245312 0.212137 0.245312 0.210547 0.246875 0.208956 0.246875 0.205776 0.248437 0.204185 0.248437 0.196233 0.246875 0.194643
0 0.923437 0.175558 0.921875 0.177148 0.920313 0.177148 0.920313 0.178739 0.91875 0.180329 0.91875 0.186691 0.917187 0.188281 0.917187 0.191462 0.914062 0.194643 0.914062 0.197824 0.9125 0.199414 0.9125 0.218499 0.914062 0.220089 0.914062 0.22168 0.921875 0.22168 0.921875 0.220089 0.923437 0.218499 0.923437 0.215318 0.925 0.213728 0.925 0.208956 0.926562 0.207366 0.926562 0.205776 0.928125 0.204185 0.928125 0.199414 0.929688 0.197824 0.929688 0.191462 0.93125 0.189872 0.93125 0.186691 0.932812 0.1851 0.932812 0.18192 0.934375 0.180329 0.934375 0.177148 0.93125 0.177148 0.929688 0.175558
0 0.220313 0.188281 0.21875 0.189872 0.21875 0.193052 0.217187 0.194643 0.217187 0.199414 0.215625 0.201004 0.215625 0.204185 0.214063 0.205776 0.214063 0.210547 0.2125 0.212137 0.2125 0.235993 0.214063 0.237584 0.21875 0.237584 0.220313 0.235993 0.221875 0.235993 0.223437 0.234403 0.223437 0.216908 0.225 0.215318 0.225 0.213728 0.228125 0.210547 0.228125 0.205776 0.229687 0.204185 0.229687 0.189872 0.228125 0.188281
0 0.6125 0.760826 0.610937 0.762416 0.609375 0.762416 0.607813 0.764007 0.607813 0.767187 0.60625 0.768778 0.60625 0.775139 0.604687 0.77673 0.604687 0.781501 0.603125 0.783091 0.603125 0.810128 0.60625 0.806948 0.607813 0.806948 0.609375 0.805357 0.609375 0.802176 0.610937 0.800586 0.610937 0.797405 0.6125 0.795815 0.6125 0.792634 0.615625 0.789453 0.615625 0.786272 0.617188 0.784682 0.617188 0.779911 0.61875 0.77832 0.61875 0.775139 0.620312 0.773549 0.620312 0.771959 0.621875 0.770368 0.621875 0.762416 0.620312 0.760826
0 0.351562 0.926228 0.35 0.927818 0.35 0.930999 0.348437 0.932589 0.348437 0.93418 0.345312 0.93736 0.345312 0.938951 0.34375 0.940541 0.34375 0.954855 0.345312 0.956445 0.348437 0.956445 0.35 0.954855 0.351562 0.954855 0.353125 0.953265 0.353125 0.951674 0.354688 0.950084 0.354688 0.946903 0.35625 0.945312 0.35625 0.943722 0.359375 0.940541 0.359375 0.938951 0.360937 0.93736 0.360937 0.932589 0.3625 0.930999 0.3625 0.927818 0.360937 0.927818 0.359375 0.926228
0 0.723438 0.5 0.721875 0.50159 0.720312 0.50159 0.71875 0.503181 0.71875 0.507952 0.714062 0.512723 0.714062 0.514314 0.7125 0.515904 0.7125 0.528627 0.715625 0.531808 0.71875 0.531808 0.720312 0.530218 0.721875 0.530218 0.723438 0.528627 0.723438 0.525446 0.726562 0.522266 0.726562 0.520675 0.728125 0.519085 0.728125 0.517494 0.729687 0.515904 0.729687 0.511133 0.73125 0.509542 0.73125 0.506362 0.732813 0.504771 0.732813 0.50159 0.73125 0.50159 0.729687 0.5
0 0.0109375 0.0737723 0.009375 0.0753627 0.0078125 0.0753627 0.0078125 0.0769531 0.00625 0.0785435 0.00625 0.1024 0.0078125 0.10399 0.0078125 0.10558 0.009375 0.10558 0.0109375 0.10399 0.0109375 0.1024 0.0125 0.100809 0.0125 0.0992187 0.015625 0.0960379 0.015625 0.0928571 0.0171875 0.0912667 0.0171875 0.0833147 0.01875 0.0817243 0.01875 0.0801339 0.0203125 0.0785435 0.0203125 0.0753627 0.01875 0.0753627 0.0171875 0.0737723
0 0.0703125 0.729018 0.06875 0.730608 0.065625 0.730608 0.065625 0.732199 0.0640625 0.733789 0.0640625 0.740151 0.0625 0.741741 0.0625 0.744922 0.0609375 0.746512 0.0609375 0.749693 0.059375 0.751283 0.059375 0.752874 0.0578125 0.754464 0.0578125 0.757645 0.05625 0.759235 0.05625 0.773549 0.0578125 0.775139 0.0578125 0.77673 0.065625 0.77673 0.0671875 0.775139 0.0671875 0.767187 0.06875 0.765597 0.06875 0.762416 0.0703125 0.760826 0.0703125 0.759235 0.071875 0.757645 0.071875 0.754464 0.0734375 0.752874 0.0734375 0.746512 0.075 0.744922 0.075 0.741741 0.0765625 0.740151 0.0765625 0.73856 0.078125 0.73697 0.078125 0.730608 0.0765625 0.730608 0.075 0.729018
0 0.964062 0.283705 0.9625 0.285296 0.9625 0.313923 0.964062 0.315513 0.964062 0.317104 0.965625 0.317104 0.967188 0.315513 0.967188 0.313923 0.96875 0.312333 0.96875 0.310742 0.970312 0.309152 0.970312 0.307561 0.971875 0.305971 0.971875 0.299609 0.973437 0.298019 0.973437 0.285296 0.971875 0.283705
0 0.482812 0.0674107 0.48125 0.0690011 0.48125 0.0705915 0.479688 0.0721819 0.479688 0.0753627 0.476562 0.0785435 0.476562 0.0801339 0.475 0.0817243 0.475 0.0864955 0.473437 0.0880859 0.473437 0.0896763 0.470312 0.0928571 0.470312 0.0960379 0.46875 0.0976283 0.46875 0.110352 0.470312 0.111942 0.470312 0.113532 0.471875 0.115123 0.478125 0.108761 0.478125 0.107171 0.479688 0.10558 0.479688 0.100809 0.48125 0.0992187 0.48125 0.0976283 0.484375 0.0944475 0.484375 0.0912667 0.485937 0.0896763 0.485937 0.0849051 0.4875 0.0833147 0.4875 0.0817243 0.490625 0.0785435 0.490625 0.0769531 0.492188 0.0753627 0.492188 0.0690011 0.490625 0.0674107
0 0.078125 0.385491 0.075 0.388672 0.075 0.418889 0.078125 0.42207 0.0796875 0.42048 0.0796875 0.418889 0.08125 0.417299 0.08125 0.415709 0.0828125 0.414118 0.0828125 0.412528 0.084375 0.410937 0.084375 0.406166 0.0859375 0.404576 0.0859375 0.395034 0.0875 0.393443 0.0875 0.387081 0.0859375 0.387081 0.084375 0.385491
0 0.348437 0.150112 0.346875 0.151702 0.345312 0.151702 0.345312 0.153292 0.34375 0.154883 0.34375 0.178739 0.345312 0.180329 0.345312 0.18192 0.346875 0.18192 0.348437 0.180329 0.348437 0.178739 0.35 0.177148 0.35 0.175558 0.353125 0.172377 0.353125 0.169196 0.354688 0.167606 0.354688 0.161244 0.35625 0.159654 0.35625 0.156473 0.359375 0.153292 0.357813 0.151702 0.35625 0.151702 0.354688 0.150112
0 0.664062 0.270982 0.6625 0.272573 0.660938 0.272573 0.660938 0.274163 0.659375 0.275753 0.659375 0.277344 0.657812 0.278934 0.657812 0.282115 0.65625 0.283705 0.65625 0.312333 0.657812 0.313923 0.657812 0.315513 0.660938 0.315513 0.665625 0.310742 0.665625 0.309152 0.667187 0.307561 0.667187 0.296429 0.66875 0.294838 0.66875 0.290067 0.670313 0.288477 0.670313 0.286886 0.671875 0.285296 0.671875 0.282115 0.673437 0.280525 0.673437 0.272573 0.671875 0.270982
0 0.189063 0.360045 0.1875 0.361635 0.185937 0.361635 0.184375 0.363225 0.184375 0.364816 0.182813 0.366406 0.182813 0.369587 0.18125 0.371177 0.18125 0.374358 0.176562 0.379129 0.176562 0.38231 0.175 0.383901 0.175 0.399805 0.176562 0.401395 0.184375 0.401395 0.1875 0.398214 0.1875 0.396624 0.190625 0.393443 0.190625 0.390262 0.192187 0.388672 0.192187 0.383901 0.19375 0.38231 0.19375 0.38072 0.196875 0.377539 0.196875 0.374358 0.198438 0.372768 0.198438 0.367997 0.2 0.366406 0.2 0.361635 0.198438 0.361635 0.196875 0.360045
0 0.289062 0.53817 0.285937 0.54135 0.285937 0.546122 0.284375 0.547712 0.284375 0.549302 0.282812 0.550893 0.282812 0.554074 0.28125 0.555664 0.28125 0.57952 0.282812 0.58111 0.282812 0.582701 0.285937 0.582701 0.290625 0.57793 0.290625 0.574749 0.292188 0.573158 0.292188 0.563616 0.29375 0.562026 0.29375 0.557254 0.296875 0.554074 0.296875 0.550893 0.298437 0.549302 0.298437 0.53976 0.296875 0.53817
0 0.448438 0.46183 0.446875 0.463421 0.445312 0.463421 0.44375 0.465011 0.44375 0.468192 0.442187 0.469782 0.442187 0.472963 0.440625 0.474554 0.440625 0.476144 0.439062 0.477734 0.439062 0.482506 0.4375 0.484096 0.4375 0.495229 0.440625 0.49841 0.442187 0.496819 0.44375 0.496819 0.446875 0.493638 0.446875 0.490458 0.448438 0.488867 0.448438 0.482506 0.45 0.480915 0.45 0.479325 0.453125 0.476144 0.453125 0.474554 0.454687 0.472963 0.454687 0.468192 0.45625 0.466602 0.45625 0.465011 0.453125 0.46183
0 0.814062 0.958036 0.809375 0.962807 0.809375 0.964397 0.807812 0.965988 0.807812 0.967578 0.80625 0.969169 0.80625 0.981892 0.807812 0.983482 0.807812 0.986663 0.809375 0.986663 0.810938 0.985073 0.8125 0.985073 0.814062 0.983482 0.815625 0.983482 0.815625 0.981892 0.817188 0.980301 0.817188 0.97394 0.81875 0.972349 0.81875 0.970759 0.820312 0.969169 0.820312 0.967578 0.821875 0.965988 0.821875 0.959626 0.820312 0.958036
0 0.0828125 0.830804 0.0796875 0.833984 0.0796875 0.837165 0.078125 0.838756 0.078125 0.840346 0.0765625 0.841936 0.0765625 0.845117 0.075 0.846708 0.075 0.867383 0.0765625 0.868973 0.0765625 0.872154 0.078125 0.872154 0.0796875 0.870564 0.0796875 0.868973 0.0828125 0.865792 0.0828125 0.864202 0.084375 0.862612 0.084375 0.859431 0.0859375 0.85784 0.0859375 0.853069 0.0875 0.851479 0.0875 0.848298 0.090625 0.845117 0.090625 0.841936 0.0921875 0.840346 0.0921875 0.832394 0.090625 0.832394 0.0890625 0.830804
0 0.507812 0.913504 0.50625 0.915095 0.503125 0.915095 0.501562 0.916685 0.501562 0.921456 0.5 0.923047 0.5 0.946903 0.503125 0.950084 0.504687 0.948493 0.50625 0.948493 0.509375 0.945312 0.509375 0.942132 0.510938 0.940541 0.510938 0.932589 0.5125 0.930999 0.5125 0.929408 0.515625 0.926228 0.515625 0.919866 0.517187 0.918276 0.517187 0.916685 0.514062 0.913504
0 0.0828125 0.735379 0.08125 0.73697 0.0796875 0.73697 0.0796875 0.73856 0.078125 0.740151 0.078125 0.741741 0.0765625 0.743331 0.0765625 0.744922 0.075 0.746512 0.075 0.749693 0.0734375 0.751283 0.0734375 0.752874 0.071875 0.754464 0.071875 0.756055 0.0703125 0.757645 0.0703125 0.767187 0.06875 0.768778 0.06875 0.770368 0.0703125 0.771959 0.0703125 0.775139 0.071875 0.77673 0.0734375 0.77673 0.075 0.775139 0.0765625 0.775139 0.0796875 0.771959 0.0796875 0.767187 0.08125 0.765597 0.08125 0.764007 0.0828125 0.762416 0.0828125 0.760826 0.084375 0.759235 0.084375 0.757645 0.0859375 0.756055 0.0859375 0.749693 0.0875 0.748103 0.0875 0.746512 0.090625 0.743331 0.090625 0.740151 0.0921875 0.73856 0.0890625 0.735379
0 0.796875 0.958036 0.79375 0.961217 0.79375 0.991434 0.796875 0.994615 0.8 0.991434 0.8 0.988253 0.801563 0.986663 0.801563 0.983482 0.803125 0.981892 0.803125 0.977121 0.804688 0.97553 0.804688 0.964397 0.80625 0.962807 0.80625 0.959626 0.804688 0.959626 0.803125 0.958036
0 0.301562 0.843527 0.298437 0.846708 0.298437 0.851479 0.296875 0.853069 0.296875 0.85625 0.295313 0.85784 0.295313 0.864202 0.29375 0.865792 0.29375 0.876925 0.295313 0.878516 0.295313 0.881696 0.296875 0.883287 0.303125 0.876925 0.303125 0.873744 0.304688 0.872154 0.304688 0.865792 0.30625 0.864202 0.30625 0.862612 0.307813 0.861021 0.307813 0.859431 0.309375 0.85784 0.309375 0.85466 0.310938 0.853069 0.310938 0.848298 0.3125 0.846708 0.309375 0.843527
0 0.0671875 0.137388 0.065625 0.138979 0.0640625 0.138979 0.0640625 0.140569 0.0625 0.14216 0.0625 0.150112 0.0609375 0.151702 0.0609375 0.154883 0.059375 0.156473 0.059375 0.159654 0.0578125 0.161244 0.0578125 0.164425 0.05625 0.166016 0.05625 0.188281 0.0578125 0.189872 0.0578125 0.191462 0.0640625 0.191462 0.065625 0.189872 0.065625 0.188281 0.0671875 0.186691 0.0671875 0.18192 0.06875 0.180329 0.06875 0.177148 0.0703125 0.175558 0.0703125 0.172377 0.071875 0.170787 0.071875 0.166016 0.0734375 0.164425 0.0734375 0.154883 0.075 0.153292 0.075 0.146931 0.0765625 0.14534 0.0765625 0.14216 0.078125 0.140569 0.0765625 0.138979 0.075 0.138979 0.0734375 0.137388
0 0.34375 0.671763 0.342188 0.673354 0.340625 0.673354 0.339063 0.674944 0.339063 0.686077 0.3375 0.687667 0.3375 0.713114 0.339063 0.714704 0.339063 0.719475 0.340625 0.719475 0.34375 0.716295 0.34375 0.714704 0.345312 0.713114 0.345312 0.711523 0.346875 0.709933 0.346875 0.706752 0.348437 0.705162 0.348437 0.692439 0.35 0.690848 0.35 0.682896 0.351562 0.681306 0.351562 0.678125 0.353125 0.676535 0.353125 0.673354 0.35 0.673354 0.348437 0.671763
0 0.695312 0.913504 0.69375 0.915095 0.69375 0.916685 0.692188 0.918276 0.692188 0.924637 0.690625 0.926228 0.690625 0.927818 0.689062 0.929408 0.689062 0.93736 0.6875 0.938951 0.6875 0.972349 0.689062 0.97394 0.696875 0.97394 0.698437 0.972349 0.698437 0.969169 0.7 0.967578 0.7 0.961217 0.701563 0.959626 0.701563 0.953265 0.703125 0.951674 0.703125 0.943722 0.704687 0.942132 0.704687 0.932589 0.70625 0.930999 0.70625 0.926228 0.707813 0.924637 0.707813 0.919866 0.709375 0.918276 0.709375 0.916685 0.707813 0.915095 0.70625 0.915095 0.704687 0.913504
0 0.315625 0.258259 0.3125 0.26144 0.3125 0.272573 0.310938 0.274163 0.310938 0.278934 0.307813 0.282115 0.307813 0.285296 0.30625 0.286886 0.30625 0.291657 0.304688 0.293248 0.304688 0.294838 0.301562 0.298019 0.301562 0.299609 0.3 0.3012 0.3 0.312333 0.301562 0.313923 0.301562 0.315513 0.309375 0.315513 0.309375 0.313923 0.310938 0.312333 0.310938 0.307561 0.3125 0.305971 0.3125 0.304381 0.315625 0.3012 0.315625 0.298019 0.317187 0.296429 0.317187 0.290067 0.31875 0.288477 0.31875 0.285296 0.320312 0.283705 0.320312 0.282115 0.321875 0.280525 0.321875 0.277344 0.323438 0.275753 0.323438 0.270982 0.325 0.269392 0.325 0.266211 0.326563 0.264621 0.326563 0.26303 0.328125 0.26144 0.328125 0.259849 0.325 0.259849 0.323438 0.258259
0 0.809375 0.315513 0.807812 0.317104 0.80625 0.317104 0.80625 0.323465 0.804688 0.325056 0.804688 0.329827 0.803125 0.331417 0.803125 0.334598 0.801563 0.336189 0.801563 0.339369 0.8 0.34096 0.8 0.345731 0.798437 0.347321 0.798437 0.348912 0.796875 0.350502 0.796875 0.352093 0.795313 0.353683 0.795313 0.356864 0.79375 0.358454 0.79375 0.371177 0.795313 0.372768 0.795313 0.374358 0.796875 0.375949 0.804688 0.375949 0.810938 0.369587 0.810938 0.366406 0.8125 0.364816 0.8125 0.363225 0.815625 0.360045 0.815625 0.356864 0.817188 0.355273 0.817188 0.347321 0.81875 0.345731 0.81875 0.34255 0.820312 0.34096 0.820312 0.339369 0.821875 0.337779 0.821875 0.331417 0.823437 0.329827 0.823437 0.317104 0.821875 0.317104 0.820312 0.315513
0 0.451562 0.258259 0.45 0.259849 0.45 0.286886 0.451562 0.288477 0.451562 0.291657 0.453125 0.291657 0.453125 0.290067 0.45625 0.286886 0.45625 0.285296 0.459375 0.282115 0.459375 0.278934 0.460938 0.277344 0.460938 0.267801 0.4625 0.266211 0.4625 0.26144 0.459375 0.258259
0 0.476562 0.748103 0.475 0.749693 0.475 0.751283 0.473437 0.752874 0.473437 0.756055 0.470312 0.759235 0.470312 0.762416 0.46875 0.764007 0.46875 0.77673 0.470312 0.77832 0.470312 0.779911 0.471875 0.781501 0.473437 0.779911 0.476562 0.779911 0.478125 0.77832 0.478125 0.77673 0.479688 0.775139 0.479688 0.770368 0.48125 0.768778 0.48125 0.767187 0.484375 0.764007 0.484375 0.760826 0.485937 0.759235 0.485937 0.754464 0.4875 0.752874 0.4875 0.751283 0.484375 0.748103
0 0.209375 0.760826 0.20625 0.764007 0.20625 0.765597 0.204688 0.767187 0.204688 0.768778 0.201562 0.771959 0.201562 0.773549 0.2 0.775139 0.2 0.787863 0.203125 0.791043 0.204688 0.789453 0.209375 0.789453 0.209375 0.787863 0.210938 0.786272 0.210938 0.783091 0.2125 0.781501 0.2125 0.779911 0.214063 0.77832 0.214063 0.77673 0.215625 0.775139 0.215625 0.773549 0.217187 0.771959 0.217187 0.768778 0.21875 0.767187 0.21875 0.765597 0.220313 0.764007 0.220313 0.762416 0.21875 0.762416 0.217187 0.760826
0 0.820312 0.868973 0.81875 0.870564 0.81875 0.903962 0.820312 0.905552 0.820312 0.907143 0.825 0.907143 0.828125 0.903962 0.828125 0.902372 0.829687 0.900781 0.829687 0.870564 0.828125 0.868973
0 0.5125 0.347321 0.510938 0.348912 0.509375 0.348912 0.507812 0.350502 0.507812 0.355273 0.50625 0.356864 0.50625 0.361635 0.504687 0.363225 0.504687 0.364816 0.503125 0.366406 0.503125 0.367997 0.501562 0.369587 0.501562 0.371177 0.5 0.372768 0.5 0.388672 0.501562 0.390262 0.501562 0.391853 0.50625 0.391853 0.507812 0.393443 0.509375 0.391853 0.509375 0.390262 0.510938 0.388672 0.510938 0.385491 0.5125 0.383901 0.5125 0.38231 0.515625 0.379129 0.515625 0.375949 0.517187 0.374358 0.517187 0.367997 0.51875 0.366406 0.51875 0.363225 0.520312 0.361635 0.520312 0.360045 0.521875 0.358454 0.521875 0.356864 0.523438 0.355273 0.523438 0.348912 0.521875 0.348912 0.520312 0.347321
0 0.964062 0.837165 0.9625 0.838756 0.9625 0.870564 0.965625 0.873744 0.967188 0.872154 0.970312 0.872154 0.971875 0.870564 0.971875 0.845117 0.973437 0.843527 0.973437 0.840346 0.970312 0.837165
0 0.917187 0.569978 0.915625 0.571568 0.9125 0.571568 0.9125 0.573158 0.910937 0.574749 0.910937 0.57793 0.909375 0.57952 0.909375 0.584291 0.907812 0.585882 0.907812 0.603376 0.909375 0.604967 0.9125 0.604967 0.914062 0.603376 0.915625 0.603376 0.915625 0.600195 0.917187 0.598605 0.917187 0.595424 0.91875 0.593834 0.91875 0.590653 0.921875 0.587472 0.921875 0.584291 0.923437 0.582701 0.923437 0.57793 0.925 0.576339 0.925 0.574749 0.926562 0.573158 0.925 0.571568 0.923437 0.571568 0.921875 0.569978
0 0.090625 0.232813 0.0875 0.235993 0.0875 0.242355 0.0859375 0.243945 0.0859375 0.247126 0.084375 0.248717 0.084375 0.250307 0.0828125 0.251897 0.0828125 0.255078 0.08125 0.256669 0.08125 0.259849 0.0796875 0.26144 0.0796875 0.266211 0.078125 0.267801 0.078125 0.269392 0.0765625 0.270982 0.0765625 0.280525 0.078125 0.280525 0.0796875 0.278934 0.0828125 0.278934 0.084375 0.277344 0.084375 0.275753 0.0859375 0.274163 0.0859375 0.270982 0.0875 0.269392 0.0875 0.267801 0.090625 0.264621 0.090625 0.26144 0.0921875 0.259849 0.0921875 0.255078 0.09375 0.253488 0.09375 0.251897 0.0953125 0.250307 0.0953125 0.248717 0.096875 0.247126 0.096875 0.245536 0.0984375 0.243945 0.0984375 0.239174 0.1 0.237584 0.1 0.234403 0.0984375 0.234403 0.096875 0.232813
0 0.946875 0.277344 0.94375 0.280525 0.94375 0.317104 0.945312 0.318694 0.951563 0.318694 0.953125 0.317104 0.953125 0.315513 0.954687 0.313923 0.954687 0.304381 0.95625 0.30279 0.95625 0.294838 0.957812 0.293248 0.957812 0.286886 0.959375 0.285296 0.959375 0.278934 0.95625 0.278934 0.954687 0.277344
0 0.857813 0.0356027 0.85625 0.0371931 0.85625 0.0833147 0.857813 0.0849051 0.859375 0.0849051 0.860937 0.0833147 0.864063 0.0833147 0.865625 0.0817243 0.865625 0.0769531 0.867188 0.0753627 0.867188 0.0626395 0.865625 0.0610491 0.865625 0.0451451 0.867188 0.0435547 0.867188 0.0387835 0.864063 0.0356027
0 0.701563 0.493638 0.695312 0.5 0.695312 0.503181 0.69375 0.504771 0.69375 0.523856 0.695312 0.525446 0.695312 0.527037 0.696875 0.528627 0.703125 0.528627 0.703125 0.527037 0.704687 0.525446 0.704687 0.523856 0.70625 0.522266 0.70625 0.517494 0.707813 0.515904 0.707813 0.514314 0.709375 0.512723 0.709375 0.507952 0.710938 0.506362 0.710938 0.495229 0.709375 0.493638
0 0.832813 0.786272 0.83125 0.787863 0.83125 0.822852 0.832813 0.824442 0.832813 0.826032 0.834375 0.826032 0.835938 0.824442 0.835938 0.819671 0.8375 0.81808 0.8375 0.811719 0.839062 0.810128 0.839062 0.806948 0.840625 0.805357 0.840625 0.795815 0.842188 0.794224 0.842188 0.789453 0.839062 0.786272
0 0.4375 0.258259 0.435938 0.259849 0.434375 0.259849 0.432813 0.26144 0.432813 0.264621 0.43125 0.266211 0.43125 0.286886 0.432813 0.288477 0.432813 0.290067 0.440625 0.290067 0.442187 0.288477 0.442187 0.283705 0.44375 0.282115 0.44375 0.277344 0.445312 0.275753 0.445312 0.270982 0.446875 0.269392 0.446875 0.259849 0.445312 0.259849 0.44375 0.258259
0 0.482812 0.907143 0.48125 0.908733 0.48125 0.93577 0.482812 0.93736 0.4875 0.93736 0.489062 0.93577 0.490625 0.93577 0.490625 0.93418 0.492188 0.932589 0.492188 0.908733 0.490625 0.907143
0 0.101562 0.150112 0.1 0.151702 0.1 0.170787 0.103125 0.173968 0.104687 0.172377 0.107812 0.172377 0.109375 0.170787 0.109375 0.167606 0.110938 0.166016 0.110938 0.154883 0.1125 0.153292 0.109375 0.150112
0 0.676563 0.639955 0.675 0.641546 0.673437 0.641546 0.670313 0.644727 0.670313 0.646317 0.66875 0.647907 0.66875 0.670173 0.670313 0.671763 0.670313 0.674944 0.671875 0.674944 0.671875 0.673354 0.673437 0.671763 0.673437 0.668583 0.675 0.666992 0.675 0.665402 0.678125 0.662221 0.678125 0.65904 0.679688 0.65745 0.679688 0.651088 0.68125 0.649498 0.68125 0.646317 0.684375 0.643136 0.682812 0.641546 0.68125 0.641546 0.679688 0.639955
0 0.732813 0.69721 0.73125 0.6988 0.73125 0.719475 0.732813 0.721066 0.734375 0.721066 0.735937 0.719475 0.735937 0.6988 0.734375 0.69721
0 0.0421875 0.958036 0.040625 0.959626 0.0390625 0.959626 0.0390625 0.962807 0.0375 0.964397 0.0375 0.997796 0.040625 1 0.0421875 0.999386 0.0453125 0.999386 0.046875 0.997796 0.046875 0.996205 0.0484375 0.994615 0.0484375 0.985073 0.05 0.983482 0.05 0.978711 0.0515625 0.977121 0.0515625 0.97394 0.053125 0.972349 0.053125 0.964397 0.0546875 0.962807 0.0546875 0.961217 0.0515625 0.958036
0 0.657812 0.932589 0.65625 0.93418 0.65625 0.950084 0.657812 0.951674 0.657812 0.956445 0.659375 0.958036 0.659375 0.959626 0.660938 0.961217 0.660938 0.964397 0.6625 0.965988 0.6625 0.97394 0.664062 0.97553 0.664062 0.978711 0.665625 0.978711 0.667187 0.980301 0.671875 0.980301 0.673437 0.978711 0.673437 0.962807 0.671875 0.961217 0.671875 0.951674 0.670313 0.950084 0.670313 0.946903 0.66875 0.945312 0.66875 0.938951 0.667187 0.93736 0.667187 0.93418 0.665625 0.932589
0 0.870312 0.671763 0.86875 0.673354 0.867188 0.673354 0.867188 0.674944 0.864063 0.678125 0.864063 0.682896 0.8625 0.684487 0.8625 0.706752 0.865625 0.709933 0.86875 0.709933 0.870312 0.711523 0.871875 0.711523 0.873438 0.709933 0.875 0.709933 0.878125 0.706752 0.878125 0.705162 0.879688 0.703571 0.879688 0.695619 0.88125 0.694029 0.88125 0.690848 0.882812 0.689258 0.882812 0.686077 0.884375 0.684487 0.884375 0.673354 0.882812 0.671763
0 0.096875 0.837165 0.09375 0.840346 0.09375 0.843527 0.0921875 0.845117 0.0921875 0.846708 0.090625 0.848298 0.090625 0.849888 0.0890625 0.851479 0.0890625 0.85466 0.0875 0.85625 0.0875 0.868973 0.0890625 0.870564 0.0890625 0.872154 0.0921875 0.872154 0.0984375 0.865792 0.0984375 0.862612 0.101562 0.859431 0.101562 0.85784 0.103125 0.85625 0.103125 0.85466 0.104687 0.853069 0.104687 0.849888 0.10625 0.848298 0.10625 0.845117 0.107812 0.843527 0.107812 0.840346 0.10625 0.838756 0.104687 0.838756 0.103125 0.837165
0 0.820312 0.786272 0.81875 0.787863 0.81875 0.81649 0.820312 0.81808 0.820312 0.824442 0.81875 0.826032 0.820312 0.827623 0.820312 0.832394 0.821875 0.833984 0.821875 0.830804 0.823437 0.829213 0.823437 0.805357 0.825 0.803767 0.825 0.794224 0.826563 0.792634 0.826563 0.789453 0.825 0.787863 0.823437 0.787863 0.821875 0.786272
0 0.509375 0.569978 0.507812 0.571568 0.504687 0.571568 0.503125 0.573158 0.503125 0.574749 0.501562 0.576339 0.501562 0.584291 0.5 0.585882 0.5 0.612918 0.501562 0.614509 0.501562 0.616099 0.503125 0.61769 0.504687 0.616099 0.507812 0.616099 0.509375 0.614509 0.509375 0.612918 0.510938 0.611328 0.510938 0.606557 0.5125 0.604967 0.5125 0.600195 0.514062 0.598605 0.514062 0.597014 0.515625 0.595424 0.515625 0.592243 0.517187 0.590653 0.517187 0.585882 0.51875 0.584291 0.51875 0.58111 0.520312 0.57952 0.520312 0.576339 0.521875 0.574749 0.521875 0.571568 0.51875 0.571568 0.517187 0.569978
0 0.0875 0.14375 0.0859375 0.14534 0.084375 0.14534 0.0828125 0.146931 0.0828125 0.151702 0.08125 0.153292 0.08125 0.180329 0.0828125 0.18192 0.0828125 0.18351 0.0890625 0.18351 0.090625 0.18192 0.090625 0.180329 0.0921875 0.178739 0.0921875 0.167606 0.09375 0.166016 0.09375 0.159654 0.0953125 0.158064 0.0953125 0.153292 0.096875 0.151702 0.096875 0.14534 0.0953125 0.14534 0.09375 0.14375
0 0.0265625 0.951674 0.025 0.953265 0.025 0.981892 0.0265625 0.983482 0.0265625 0.986663 0.028125 0.986663 0.0296875 0.985073 0.0296875 0.983482 0.03125 0.981892 0.03125 0.980301 0.0328125 0.978711 0.0328125 0.970759 0.034375 0.969169 0.034375 0.953265 0.0328125 0.953265 0.03125 0.951674
0 0.976562 0.837165 0.975 0.838756 0.975 0.867383 0.976562 0.868973 0.976562 0.870564 0.979687 0.870564 0.98125 0.868973 0.982813 0.868973 0.985937 0.865792 0.985937 0.85625 0.9875 0.85466 0.9875 0.849888 0.989062 0.848298 0.989062 0.845117 0.990625 0.843527 0.990625 0.838756 0.989062 0.838756 0.9875 0.837165
0 0.701563 0.830804 0.7 0.832394 0.7 0.864202 0.703125 0.867383 0.704687 0.865792 0.709375 0.865792 0.709375 0.864202 0.710938 0.862612 0.710938 0.853069 0.7125 0.851479 0.7125 0.841936 0.714062 0.840346 0.714062 0.832394 0.710938 0.832394 0.709375 0.830804
0 0.789062 0.563616 0.7875 0.565206 0.7875 0.609738 0.790625 0.612918 0.792187 0.611328 0.796875 0.611328 0.796875 0.609738 0.798437 0.608147 0.798437 0.597014 0.8 0.595424 0.8 0.565206 0.798437 0.565206 0.796875 0.563616
0 0.464063 0.741741 0.4625 0.743331 0.460938 0.743331 0.459375 0.744922 0.459375 0.749693 0.457812 0.751283 0.457812 0.756055 0.45625 0.757645 0.45625 0.784682 0.457812 0.786272 0.457812 0.787863 0.459375 0.787863 0.464063 0.783091 0.464063 0.781501 0.465625 0.779911 0.465625 0.775139 0.467187 0.773549 0.467187 0.764007 0.46875 0.762416 0.46875 0.759235 0.470312 0.757645 0.470312 0.756055 0.471875 0.754464 0.471875 0.751283 0.473437 0.749693 0.473437 0.743331 0.471875 0.743331 0.470312 0.741741
0 0.207812 0.480915 0.204688 0.484096 0.204688 0.487277 0.203125 0.488867 0.203125 0.490458 0.201562 0.492048 0.201562 0.495229 0.2 0.496819 0.2 0.514314 0.203125 0.517494 0.204688 0.515904 0.207812 0.515904 0.209375 0.514314 0.209375 0.511133 0.210938 0.509542 0.210938 0.504771 0.2125 0.503181 0.2125 0.5 0.214063 0.49841 0.214063 0.496819 0.215625 0.495229 0.215625 0.492048 0.217187 0.490458 0.217187 0.482506 0.215625 0.482506 0.214063 0.480915
0 0.589062 0.760826 0.5875 0.762416 0.5875 0.786272 0.589062 0.787863 0.589062 0.792634 0.590625 0.794224 0.590625 0.797405 0.592188 0.798995 0.592188 0.800586 0.59375 0.802176 0.59375 0.806948 0.595312 0.808538 0.595312 0.811719 0.596875 0.813309 0.6 0.813309 0.601562 0.811719 0.601562 0.787863 0.6 0.786272 0.6 0.77673 0.598438 0.775139 0.598438 0.767187 0.596875 0.765597 0.596875 0.762416 0.595312 0.762416 0.59375 0.760826
0 0.782812 0.945312 0.78125 0.946903 0.78125 0.981892 0.782812 0.983482 0.782812 0.985073 0.784375 0.985073 0.784375 0.983482 0.785938 0.981892 0.785938 0.972349 0.7875 0.970759 0.7875 0.946903 0.785938 0.946903 0.784375 0.945312
0 0.276562 0.0610491 0.273438 0.0642299 0.273438 0.0690011 0.271875 0.0705915 0.271875 0.0721819 0.270312 0.0737723 0.270312 0.0785435 0.26875 0.0801339 0.26875 0.100809 0.271875 0.10399 0.273438 0.1024 0.275 0.1024 0.278125 0.0992187 0.278125 0.0960379 0.279687 0.0944475 0.279687 0.0864955 0.28125 0.0849051 0.28125 0.0817243 0.282812 0.0801339 0.282812 0.0769531 0.284375 0.0753627 0.284375 0.0721819 0.285937 0.0705915 0.285937 0.0658203 0.2875 0.0642299 0.284375 0.0610491
0 0.4375 0.455469 0.435938 0.457059 0.434375 0.457059 0.432813 0.45865 0.432813 0.463421 0.43125 0.465011 0.43125 0.484096 0.432813 0.485686 0.432813 0.488867 0.434375 0.488867 0.435938 0.487277 0.435938 0.482506 0.4375 0.480915 0.4375 0.479325 0.439062 0.477734 0.439062 0.476144 0.440625 0.474554 0.440625 0.471373 0.442187 0.469782 0.442187 0.466602 0.44375 0.465011 0.44375 0.46183 0.445312 0.46024 0.445312 0.457059 0.44375 0.457059 0.442187 0.455469
0 0.304688 0.0674107 0.303125 0.0690011 0.301562 0.0690011 0.3 0.0705915 0.3 0.0753627 0.298437 0.0769531 0.298437 0.0785435 0.296875 0.0801339 0.296875 0.0817243 0.295313 0.0833147 0.295313 0.0880859 0.29375 0.0896763 0.29375 0.110352 0.295313 0.111942 0.295313 0.113532 0.296875 0.115123 0.298437 0.113532 0.301562 0.113532 0.301562 0.111942 0.303125 0.110352 0.303125 0.10558 0.304688 0.10399 0.304688 0.0976283 0.30625 0.0960379 0.30625 0.0928571 0.307813 0.0912667 0.307813 0.0896763 0.309375 0.0880859 0.309375 0.0833147 0.310938 0.0817243 0.310938 0.0769531 0.3125 0.0753627 0.3125 0.0721819 0.314062 0.0705915 0.3125 0.0690011 0.310938 0.0690011 0.309375 0.0674107
0 0.176562 0.647907 0.176562 0.649498 0.175 0.651088 0.175 0.655859 0.173438 0.65745 0.173438 0.65904 0.170312 0.662221 0.170312 0.663811 0.165625 0.668583 0.165625 0.670173 0.164062 0.671763 0.164062 0.686077 0.165625 0.687667 0.171875 0.681306 0.171875 0.678125 0.173438 0.676535 0.173438 0.673354 0.178125 0.668583 0.178125 0.665402 0.179688 0.663811 0.179688 0.662221 0.18125 0.660631 0.18125 0.65904 0.184375 0.655859 0.184375 0.651088 0.185937 0.649498 0.184375 0.647907
0 0.090625 0.627232 0.0890625 0.628823 0.0875 0.628823 0.0875 0.630413 0.0859375 0.632003 0.0859375 0.638365 0.084375 0.639955 0.084375 0.643136 0.0828125 0.644727 0.0828125 0.651088 0.08125 0.652679 0.08125 0.660631 0.084375 0.663811 0.0859375 0.662221 0.0890625 0.662221 0.090625 0.660631 0.090625 0.65904 0.0921875 0.65745 0.0921875 0.651088 0.09375 0.649498 0.09375 0.646317 0.096875 0.643136 0.096875 0.639955 0.0984375 0.638365 0.0984375 0.632003 0.1 0.630413 0.096875 0.627232
0 0.685938 0.385491 0.684375 0.387081 0.682812 0.387081 0.68125 0.388672 0.68125 0.390262 0.679688 0.391853 0.679688 0.393443 0.676563 0.396624 0.676563 0.398214 0.675 0.399805 0.675 0.401395 0.670313 0.406166 0.670313 0.409347 0.66875 0.410937 0.66875 0.414118 0.670313 0.415709 0.670313 0.418889 0.671875 0.42048 0.673437 0.42048 0.675 0.418889 0.678125 0.418889 0.678125 0.417299 0.679688 0.415709 0.679688 0.414118 0.682812 0.410937 0.682812 0.409347 0.690625 0.401395 0.690625 0.399805 0.692188 0.398214 0.692188 0.396624 0.695312 0.393443 0.695312 0.387081 0.692188 0.387081 0.690625 0.385491
0 0.289062 0.843527 0.2875 0.845117 0.2875 0.867383 0.289062 0.868973 0.289062 0.878516 0.290625 0.878516 0.290625 0.876925 0.292188 0.875335 0.292188 0.868973 0.29375 0.867383 0.29375 0.861021 0.295313 0.859431 0.295313 0.85466 0.296875 0.853069 0.296875 0.845117 0.29375 0.845117 0.292188 0.843527
0 0.171875 0.647907 0.170312 0.649498 0.170312 0.651088 0.16875 0.652679 0.16875 0.654269 0.164062 0.65904 0.164062 0.662221 0.1625 0.663811 0.1625 0.666992 0.157813 0.671763 0.157813 0.674944 0.15625 0.676535 0.15625 0.687667 0.157813 0.689258 0.157813 0.690848 0.160937 0.690848 0.1625 0.689258 0.164062 0.689258 0.165625 0.687667 0.165625 0.679715 0.167188 0.678125 0.167188 0.673354 0.16875 0.671763 0.16875 0.670173 0.170312 0.668583 0.170312 0.665402 0.173438 0.662221 0.173438 0.660631 0.178125 0.655859 0.18125 0.655859 0.184375 0.652679 0.184375 0.647907
0 0.209375 0.366406 0.207812 0.367997 0.20625 0.367997 0.20625 0.371177 0.204688 0.372768 0.204688 0.374358 0.201562 0.377539 0.201562 0.379129 0.2 0.38072 0.2 0.390262 0.201562 0.391853 0.201562 0.393443 0.207812 0.393443 0.2125 0.388672 0.2125 0.387081 0.215625 0.383901 0.215625 0.38231 0.217187 0.38072 0.217187 0.375949 0.21875 0.374358 0.21875 0.367997 0.217187 0.367997 0.215625 0.366406
0 0.189063 0.945312 0.1875 0.946903 0.1875 0.985073 0.189063 0.986663 0.198438 0.986663 0.2 0.985073 0.201562 0.985073 0.201562 0.981892 0.203125 0.980301 0.203125 0.964397 0.204688 0.962807 0.204688 0.948493 0.201562 0.945312
0 0.870312 0.0292411 0.86875 0.0308315 0.86875 0.0610491 0.870312 0.0626395 0.870312 0.0642299 0.871875 0.0642299 0.873438 0.0626395 0.875 0.0626395 0.876562 0.0610491 0.878125 0.0610491 0.878125 0.0594587 0.879688 0.0578683 0.879688 0.0435547 0.88125 0.0419643 0.88125 0.0340123 0.882812 0.0324219 0.88125 0.0308315 0.879688 0.0308315 0.878125 0.0292411
0 0.901562 0.162835 0.9 0.164425 0.9 0.196233 0.903125 0.199414 0.904688 0.197824 0.90625 0.197824 0.909375 0.194643 0.909375 0.18351 0.910937 0.18192 0.910937 0.164425 0.909375 0.162835
0 0.328125 0.678125 0.325 0.681306 0.325 0.708343 0.326563 0.709933 0.326563 0.711523 0.328125 0.713114 0.329687 0.711523 0.329687 0.709933 0.332812 0.706752 0.332812 0.705162 0.334375 0.703571 0.334375 0.695619 0.335938 0.694029 0.335938 0.682896 0.334375 0.681306 0.334375 0.679715 0.332812 0.679715 0.33125 0.678125
0 0.0765625 0.239174 0.075 0.240765 0.0734375 0.240765 0.071875 0.242355 0.071875 0.243945 0.0703125 0.245536 0.0703125 0.250307 0.06875 0.251897 0.06875 0.269392 0.0703125 0.270982 0.0703125 0.272573 0.071875 0.272573 0.075 0.269392 0.0765625 0.269392 0.078125 0.267801 0.078125 0.26303 0.0796875 0.26144 0.0796875 0.256669 0.08125 0.255078 0.08125 0.251897 0.0828125 0.250307 0.0828125 0.247126 0.084375 0.245536 0.084375 0.240765 0.08125 0.240765 0.0796875 0.239174
0 0.907812 0.563616 0.90625 0.565206 0.90625 0.582701 0.907812 0.584291 0.907812 0.597014 0.909375 0.598605 0.910937 0.597014 0.910937 0.587472 0.9125 0.585882 0.9125 0.58111 0.914062 0.57952 0.914062 0.574749 0.915625 0.573158 0.915625 0.565206 0.914062 0.565206 0.9125 0.563616
0 0.748438 0.111942 0.746875 0.113532 0.745312 0.113532 0.745312 0.115123 0.74375 0.116713 0.74375 0.134208 0.745312 0.135798 0.746875 0.135798 0.748438 0.134208 0.751562 0.134208 0.753125 0.132617 0.753125 0.129436 0.754688 0.127846 0.754688 0.123075 0.75625 0.121484 0.75625 0.118304 0.759375 0.115123 0.757812 0.113532 0.75625 0.113532 0.754688 0.111942
0 0.871875 0.0864955 0.86875 0.0896763 0.86875 0.121484 0.870312 0.123075 0.870312 0.124665 0.873438 0.124665 0.875 0.123075 0.876562 0.123075 0.876562 0.121484 0.878125 0.119894 0.878125 0.108761 0.879688 0.107171 0.879688 0.0880859 0.878125 0.0864955
0 0.015625 0.00379464 0.0125 0.00697545 0.0125 0.0181083 0.0140625 0.0196987 0.0140625 0.0212891 0.0171875 0.0212891 0.0234375 0.0149275 0.0234375 0.0133371 0.025 0.0117467 0.025 0.0101562 0.0265625 0.00856585 0.0265625 0.00538504 0.025 0.00538504 0.0234375 0.00379464
0 0.982813 0.0101562 0.98125 0.0117467 0.98125 0.0403739 0.982813 0.0419643 0.982813 0.0435547 0.9875 0.0435547 0.989062 0.0419643 0.990625 0.0419643 0.990625 0.0403739 0.992188 0.0387835 0.992188 0.0117467 0.990625 0.0101562
0 0.196875 0.945312 0.19375 0.948493 0.19375 0.985073 0.195312 0.986663 0.201562 0.986663 0.203125 0.985073 0.203125 0.981892 0.204688 0.980301 0.204688 0.967578 0.20625 0.965988 0.20625 0.961217 0.207812 0.959626 0.207812 0.956445 0.209375 0.954855 0.209375 0.946903 0.207812 0.945312
0 0.514062 0.334598 0.5125 0.336189 0.510938 0.336189 0.510938 0.337779 0.509375 0.339369 0.509375 0.345731 0.507812 0.347321 0.507812 0.353683 0.50625 0.355273 0.50625 0.360045 0.504687 0.361635 0.504687 0.364816 0.503125 0.366406 0.503125 0.367997 0.501562 0.369587 0.501562 0.371177 0.5 0.372768 0.5 0.388672 0.501562 0.390262 0.501562 0.391853 0.50625 0.391853 0.507812 0.393443 0.509375 0.391853 0.509375 0.390262 0.510938 0.388672 0.510938 0.387081 0.5125 0.385491 0.5125 0.38231 0.514062 0.38072 0.514062 0.379129 0.515625 0.377539 0.515625 0.375949 0.517187 0.374358 0.517187 0.367997 0.51875 0.366406 0.51875 0.363225 0.520312 0.361635 0.520312 0.360045 0.521875 0.358454 0.521875 0.355273 0.523438 0.353683 0.523438 0.344141 0.525 0.34255 0.525 0.337779 0.521875 0.334598
0 0.3 0.239174 0.298437 0.240765 0.296875 0.240765 0.296875 0.242355 0.295313 0.243945 0.295313 0.251897 0.29375 0.253488 0.29375 0.294838 0.295313 0.296429 0.295313 0.298019 0.296875 0.298019 0.303125 0.291657 0.303125 0.286886 0.304688 0.285296 0.304688 0.278934 0.30625 0.277344 0.30625 0.272573 0.307813 0.270982 0.307813 0.269392 0.309375 0.267801 0.309375 0.256669 0.310938 0.255078 0.310938 0.242355 0.307813 0.239174
0 0.33125 0.321875 0.329687 0.323465 0.326563 0.323465 0.326563 0.325056 0.325 0.326646 0.325 0.329827 0.323438 0.331417 0.323438 0.334598 0.321875 0.336189 0.321875 0.337779 0.320312 0.339369 0.320312 0.345731 0.31875 0.347321 0.31875 0.358454 0.320312 0.360045 0.320312 0.363225 0.323438 0.363225 0.329687 0.356864 0.329687 0.355273 0.33125 0.353683 0.33125 0.352093 0.332812 0.350502 0.332812 0.348912 0.334375 0.347321 0.334375 0.34255 0.335938 0.34096 0.335938 0.339369 0.339063 0.336189 0.339063 0.334598 0.340625 0.333008 0.340625 0.326646 0.342188 0.325056 0.340625 0.323465 0.339063 0.323465 0.3375 0.321875
0 0.407812 0.824442 0.40625 0.826032 0.40625 0.827623 0.401563 0.832394 0.401563 0.835575 0.4 0.837165 0.4 0.848298 0.401563 0.849888 0.401563 0.851479 0.403125 0.851479 0.404688 0.849888 0.40625 0.849888 0.410937 0.845117 0.410937 0.841936 0.4125 0.840346 0.4125 0.838756 0.417188 0.833984 0.417188 0.830804 0.41875 0.829213 0.41875 0.826032 0.417188 0.826032 0.415625 0.824442
