0 0.0515625 0.54375 0.05 0.545313 0.05 0.55 0.0515625 0.551562 0.0515625 0.553125 0.05625 0.557813 0.05625 0.559375 0.0609375 0.564062 0.0609375 0.565625 0.0625 0.567187 0.0625 0.570312 0.0703125 0.578125 0.071875 0.578125 0.075 0.575 0.0765625 0.575 0.0796875 0.571875 0.0796875 0.570312 0.078125 0.56875 0.078125 0.567187 0.075 0.564062 0.075 0.5625 0.0734375 0.560938 0.0734375 0.559375 0.06875 0.554688 0.06875 0.553125 0.0671875 0.551562 0.0671875 0.55 0.065625 0.548437 0.065625 0.546875 0.0640625 0.545313 0.0625 0.545313 0.0609375 0.54375
0 0.864062 0.6375 0.8625 0.639063 0.8625 0.651563 0.882812 0.671875 0.882812 0.673437 0.884375 0.673437 0.885938 0.675 0.890625 0.675 0.89375 0.671875 0.895312 0.671875 0.895312 0.665625 0.892187 0.6625 0.892187 0.660937 0.884375 0.653125 0.884375 0.651563 0.882812 0.651563 0.870313 0.639063 0.86875 0.639063 0.867188 0.6375
0 0.301562 0.91875 0.3 0.920313 0.3 0.921875 0.301562 0.923437 0.301562 0.925 0.325 0.948438 0.325 0.95 0.334375 0.959375 0.335938 0.959375 0.339063 0.9625 0.340625 0.9625 0.342187 0.960938 0.34375 0.960938 0.345313 0.959375 0.345313 0.95625 0.34375 0.954687 0.34375 0.953125 0.335938 0.945312 0.335938 0.94375 0.329688 0.9375 0.329688 0.935938 0.317187 0.923437 0.317187 0.921875 0.315625 0.920313 0.314063 0.920313 0.3125 0.91875
0 0.201562 0.58125 0.2 0.582812 0.2 0.6 0.201562 0.601562 0.201562 0.603125 0.204688 0.60625 0.204688 0.607813 0.20625 0.609375 0.20625 0.6125 0.207813 0.614062 0.207813 0.617188 0.210938 0.620313 0.210938 0.621875 0.2125 0.623438 0.2125 0.625 0.214062 0.626562 0.220313 0.626562 0.221875 0.625 0.221875 0.623438 0.223438 0.621875 0.223438 0.61875 0.221875 0.617188 0.221875 0.6125 0.21875 0.609375 0.21875 0.607813 0.217187 0.60625 0.217187 0.603125 0.215625 0.601562 0.215625 0.598437 0.2125 0.595312 0.2125 0.592188 0.210938 0.590625 0.210938 0.584375 0.207813 0.58125
0 0.482812 0.275 0.48125 0.276563 0.48125 0.284375 0.482812 0.285937 0.482812 0.2875 0.485938 0.290625 0.485938 0.292188 0.489062 0.295312 0.489062 0.296875 0.49375 0.301562 0.49375 0.303125 0.496875 0.30625 0.5 0.30625 0.501562 0.307813 0.50625 0.303125 0.50625 0.296875 0.504687 0.295312 0.504687 0.29375 0.501562 0.290625 0.501562 0.289062 0.498437 0.285937 0.498437 0.284375 0.496875 0.282813 0.496875 0.28125 0.490625 0.275
0 0.964063 0.26875 0.9625 0.270312 0.9625 0.284375 0.964063 0.285937 0.964063 0.2875 0.96875 0.292188 0.96875 0.29375 0.970312 0.295312 0.970312 0.296875 0.976562 0.303125 0.98125 0.303125 0.984375 0.3 0.984375 0.295312 0.98125 0.292188 0.98125 0.290625 0.979688 0.289062 0.979688 0.2875 0.978125 0.285937 0.978125 0.284375 0.975 0.28125 0.975 0.279687 0.973437 0.278125 0.973437 0.276563 0.96875 0.271875 0.96875 0.270312 0.967188 0.270312 0.965625 0.26875
0 0.640625 0.54375 0.6375 0.546875 0.6375 0.559375 0.639063 0.560938 0.639063 0.5625 0.640625 0.5625 0.642187 0.564062 0.642187 0.565625 0.648438 0.571875 0.648438 0.573438 0.651563 0.576563 0.651563 0.578125 0.653125 0.578125 0.65625 0.58125 0.65625 0.582812 0.659375 0.585938 0.660937 0.585938 0.664062 0.589063 0.665625 0.589063 0.667188 0.5875 0.66875 0.5875 0.671875 0.584375 0.671875 0.582812 0.670313 0.58125 0.670313 0.579687 0.664062 0.573438 0.6625 0.573438 0.65625 0.567187 0.65625 0.565625 0.654688 0.564062 0.654688 0.5625 0.653125 0.560938 0.653125 0.559375 0.65 0.55625 0.65 0.554688 0.648438 0.553125 0.648438 0.55 0.646875 0.548437 0.646875 0.545313 0.642187 0.545313
0 0.901563 0.1125 0.9 0.114063 0.9 0.123438 0.901563 0.125 0.901563 0.126563 0.9125 0.1375 0.914062 0.1375 0.920313 0.14375 0.921875 0.14375 0.925 0.146875 0.929688 0.146875 0.929688 0.139062 0.923437 0.132812 0.923437 0.13125 0.910937 0.11875 0.910937 0.117188 0.907812 0.114063 0.90625 0.114063 0.904688 0.1125
0 0.401563 0.14375 0.4 0.145313 0.4 0.157813 0.415625 0.173438 0.417188 0.173438 0.420312 0.176563 0.421875 0.176563 0.425 0.173438 0.425 0.16875 0.423438 0.167187 0.423438 0.165625 0.41875 0.160938 0.41875 0.159375 0.410937 0.151562 0.410937 0.15 0.409375 0.148438 0.407813 0.148438 0.40625 0.146875 0.40625 0.145313 0.404687 0.145313 0.403125 0.14375
0 0.101562 0.45 0.1 0.451562 0.1 0.464063 0.101562 0.465625 0.101562 0.467187 0.10625 0.471875 0.10625 0.475 0.107813 0.476562 0.107813 0.478125 0.114063 0.484375 0.115625 0.484375 0.11875 0.48125 0.120312 0.48125 0.121875 0.479688 0.121875 0.471875 0.11875 0.46875 0.11875 0.467187 0.117188 0.465625 0.117188 0.460938 0.115625 0.459375 0.115625 0.457812 0.1125 0.454688 0.1125 0.453125 0.109375 0.45
0 0.532812 0.28125 0.53125 0.282813 0.53125 0.289062 0.539062 0.296875 0.540625 0.296875 0.546875 0.303125 0.548437 0.303125 0.554688 0.309375 0.55625 0.309375 0.559375 0.3125 0.560938 0.3125 0.565625 0.317187 0.567187 0.315625 0.567187 0.3125 0.565625 0.310937 0.565625 0.309375 0.560938 0.304688 0.560938 0.303125 0.559375 0.301562 0.559375 0.3 0.554688 0.295312 0.554688 0.29375 0.553125 0.292188 0.551562 0.292188 0.55 0.290625 0.55 0.289062 0.548437 0.289062 0.540625 0.28125
0 0.196875 0.8375 0.195312 0.839063 0.195312 0.840625 0.2 0.845312 0.2 0.848437 0.201562 0.85 0.201562 0.851562 0.203125 0.853125 0.203125 0.859375 0.20625 0.8625 0.20625 0.865625 0.207813 0.867188 0.215625 0.867188 0.21875 0.864062 0.21875 0.857813 0.217187 0.85625 0.217187 0.854688 0.215625 0.853125 0.215625 0.851562 0.2125 0.848437 0.2125 0.846875 0.210938 0.845312 0.210938 0.842188 0.209375 0.840625 0.209375 0.839063 0.20625 0.839063 0.204688 0.8375
0 0.132812 0.28125 0.13125 0.282813 0.13125 0.298438 0.132812 0.3 0.132812 0.303125 0.135937 0.30625 0.135937 0.307813 0.1375 0.309375 0.1375 0.3125 0.139062 0.314063 0.139062 0.315625 0.142188 0.31875 0.142188 0.320312 0.145313 0.323438 0.151562 0.323438 0.153125 0.321875 0.154687 0.321875 0.154687 0.3125 0.153125 0.310937 0.153125 0.309375 0.15 0.30625 0.15 0.303125 0.148438 0.301562 0.148438 0.296875 0.146875 0.295312 0.146875 0.29375 0.14375 0.290625 0.14375 0.289062 0.142188 0.2875 0.142188 0.284375 0.140625 0.282813 0.139062 0.282813 0.1375 0.28125
0 0.801562 0.825 0.8 0.826563 0.8 0.839063 0.801562 0.840625 0.801562 0.842188 0.803125 0.842188 0.80625 0.845312 0.80625 0.846875 0.807813 0.848437 0.807813 0.85 0.8125 0.854688 0.814062 0.854688 0.815625 0.85625 0.817187 0.854688 0.81875 0.854688 0.821875 0.851562 0.821875 0.85 0.820312 0.848437 0.820312 0.845312 0.817187 0.842188 0.817187 0.839063 0.810938 0.832812 0.810938 0.83125 0.809375 0.829687 0.809375 0.828125 0.807813 0.826563 0.80625 0.826563 0.804688 0.825
0 0.945312 0.525 0.94375 0.526563 0.94375 0.534375 0.945312 0.535937 0.945312 0.5375 0.946875 0.539062 0.946875 0.540625 0.960938 0.554688 0.967188 0.554688 0.96875 0.553125 0.970312 0.553125 0.970312 0.545313 0.967188 0.542188 0.967188 0.540625 0.959375 0.532812 0.959375 0.53125 0.957812 0.53125 0.95625 0.529688 0.95625 0.528125 0.954687 0.526563 0.953125 0.526563 0.951563 0.525
0 0.957812 0.11875 0.95625 0.120312 0.95625 0.134375 0.957812 0.135937 0.957812 0.1375 0.960938 0.140625 0.960938 0.142188 0.9625 0.14375 0.9625 0.145313 0.964063 0.146875 0.964063 0.148438 0.96875 0.153125 0.973437 0.153125 0.976562 0.15 0.976562 0.145313 0.973437 0.142188 0.973437 0.139062 0.971875 0.1375 0.971875 0.135937 0.96875 0.132812 0.96875 0.13125 0.967188 0.129688 0.967188 0.126563 0.965625 0.125 0.965625 0.123438 0.960938 0.11875
0 0.551562 0.03125 0.55 0.0328125 0.55 0.040625 0.553125 0.04375 0.554688 0.04375 0.559375 0.0484375 0.560938 0.0484375 0.565625 0.053125 0.567187 0.053125 0.579687 0.065625 0.58125 0.065625 0.582812 0.0671875 0.584375 0.0671875 0.585938 0.065625 0.5875 0.065625 0.589063 0.0640625 0.589063 0.0609375 0.590625 0.059375 0.584375 0.053125 0.584375 0.0515625 0.582812 0.0515625 0.578125 0.046875 0.578125 0.0453125 0.576563 0.0453125 0.564062 0.0328125 0.5625 0.0328125 0.560938 0.03125
0 0.764063 0.825 0.7625 0.826563 0.7625 0.834375 0.770312 0.842188 0.771875 0.842188 0.775 0.845312 0.775 0.846875 0.78125 0.853125 0.789062 0.853125 0.790625 0.851562 0.790625 0.85 0.792188 0.848437 0.792188 0.845312 0.7875 0.840625 0.7875 0.839063 0.785937 0.8375 0.785937 0.835938 0.78125 0.83125 0.78125 0.829687 0.776563 0.825
0 0.920313 0.64375 0.91875 0.645312 0.91875 0.657812 0.925 0.664062 0.925 0.665625 0.926562 0.667188 0.926562 0.66875 0.93125 0.673437 0.9375 0.673437 0.939062 0.671875 0.940625 0.671875 0.940625 0.665625 0.935938 0.660937 0.935938 0.659375 0.934375 0.657812 0.934375 0.65625 0.929688 0.651563 0.929688 0.648438 0.928125 0.646875 0.928125 0.645312 0.925 0.645312 0.923437 0.64375
0 0.814062 0.26875 0.8125 0.270312 0.8125 0.278125 0.817187 0.282813 0.817187 0.284375 0.81875 0.285937 0.81875 0.289062 0.825 0.295312 0.825 0.296875 0.826563 0.298438 0.83125 0.298438 0.832812 0.296875 0.834375 0.296875 0.834375 0.29375 0.832812 0.292188 0.832812 0.289062 0.83125 0.2875 0.83125 0.285937 0.829687 0.284375 0.829687 0.282813 0.828125 0.28125 0.828125 0.279687 0.823438 0.275 0.823438 0.271875 0.820312 0.26875
0 0.926562 0.1125 0.925 0.114063 0.925 0.129688 0.926562 0.13125 0.926562 0.134375 0.93125 0.139062 0.93125 0.140625 0.932813 0.142188 0.932813 0.145313 0.934375 0.146875 0.934375 0.148438 0.935938 0.148438 0.9375 0.15 0.940625 0.15 0.942187 0.148438 0.942187 0.146875 0.94375 0.145313 0.942187 0.14375 0.942187 0.139062 0.940625 0.1375 0.940625 0.135937 0.939062 0.134375 0.939062 0.132812 0.9375 0.13125 0.9375 0.129688 0.935938 0.128125 0.935938 0.125 0.934375 0.123438 0.934375 0.121875 0.932813 0.120312 0.932813 0.11875 0.929688 0.115625 0.929688 0.114063 0.928125 0.1125
0 0.151562 0.4625 0.15 0.464063 0.15 0.478125 0.154687 0.482812 0.154687 0.484375 0.15625 0.485938 0.15625 0.489062 0.157813 0.490625 0.157813 0.49375 0.164062 0.5 0.16875 0.5 0.170312 0.498437 0.171875 0.498437 0.173438 0.496875 0.173438 0.490625 0.171875 0.489062 0.171875 0.485938 0.170312 0.484375 0.170312 0.482812 0.16875 0.48125 0.16875 0.478125 0.167187 0.476562 0.167187 0.470313 0.165625 0.46875 0.165625 0.465625 0.164062 0.464063 0.1625 0.464063 0.160938 0.4625
0 0.582812 0.45 0.58125 0.451562 0.58125 0.459375 0.582812 0.460938 0.582812 0.4625 0.585938 0.465625 0.585938 0.467187 0.5875 0.46875 0.5875 0.470313 0.595312 0.478125 0.596875 0.478125 0.598437 0.476562 0.6 0.476562 0.603125 0.473437 0.603125 0.465625 0.6 0.4625 0.6 0.460938 0.598437 0.459375 0.598437 0.45625 0.596875 0.454688 0.596875 0.453125 0.595312 0.451562 0.59375 0.451562 0.592188 0.45
0 0.226562 0.35 0.225 0.351562 0.225 0.354688 0.226562 0.35625 0.226562 0.357812 0.235938 0.367188 0.235938 0.36875 0.239063 0.371875 0.239063 0.373437 0.245312 0.379687 0.248437 0.379687 0.25 0.378125 0.251563 0.378125 0.253125 0.376563 0.253125 0.371875 0.251563 0.370313 0.251563 0.36875 0.248437 0.365625 0.248437 0.364062 0.246875 0.3625 0.246875 0.360938 0.242188 0.35625 0.242188 0.354688 0.240625 0.353125 0.240625 0.351562 0.2375 0.351562 0.235938 0.35
0 0.676562 0.825 0.675 0.826563 0.675 0.8375 0.676562 0.839063 0.676562 0.840625 0.684375 0.848437 0.692187 0.848437 0.695312 0.845312 0.695312 0.839063 0.692187 0.835938 0.692187 0.834375 0.685938 0.828125 0.685938 0.826563 0.684375 0.825
0 0.457812 0.15 0.45625 0.151562 0.45625 0.157813 0.457812 0.159375 0.457812 0.160938 0.46875 0.171875 0.46875 0.173438 0.470313 0.175 0.470313 0.176563 0.473437 0.179688 0.478125 0.179688 0.48125 0.176563 0.48125 0.170312 0.479688 0.16875 0.479688 0.167187 0.478125 0.165625 0.478125 0.164062 0.473437 0.159375 0.473437 0.157813 0.465625 0.15
0 0.0140625 0.36875 0.0125 0.370313 0.0125 0.382812 0.0140625 0.384375 0.0140625 0.385938 0.0171875 0.389062 0.0171875 0.390625 0.01875 0.392188 0.01875 0.395312 0.0203125 0.396875 0.0203125 0.398438 0.021875 0.4 0.021875 0.401563 0.0234375 0.403125 0.0234375 0.404687 0.025 0.40625 0.025 0.407813 0.0265625 0.409375 0.0265625 0.410937 0.034375 0.410937 0.0359375 0.409375 0.0375 0.409375 0.0375 0.401563 0.0359375 0.4 0.0359375 0.395312 0.034375 0.39375 0.034375 0.392188 0.0328125 0.390625 0.0328125 0.389062 0.03125 0.3875 0.03125 0.385938 0.0296875 0.384375 0.0296875 0.38125 0.028125 0.379687 0.028125 0.378125 0.0265625 0.376563 0.0265625 0.375 0.025 0.373437 0.025 0.371875 0.021875 0.36875
0 0.151562 0.28125 0.15 0.282813 0.15 0.296875 0.151562 0.298438 0.151562 0.304688 0.154687 0.307813 0.154687 0.310937 0.15625 0.3125 0.15625 0.317187 0.157813 0.31875 0.157813 0.326562 0.159375 0.328125 0.159375 0.329688 0.164062 0.334375 0.165625 0.334375 0.167187 0.332812 0.16875 0.332812 0.171875 0.329688 0.171875 0.321875 0.170312 0.320312 0.170312 0.317187 0.16875 0.315625 0.16875 0.310937 0.167187 0.309375 0.167187 0.298438 0.165625 0.296875 0.165625 0.290625 0.164062 0.289062 0.164062 0.285937 0.1625 0.284375 0.1625 0.282813 0.160938 0.282813 0.159375 0.28125
0 0.820312 0.525 0.81875 0.526563 0.81875 0.532812 0.820312 0.534375 0.820312 0.535937 0.821875 0.535937 0.825 0.539062 0.825 0.540625 0.83125 0.546875 0.83125 0.548437 0.832812 0.55 0.834375 0.55 0.835938 0.551562 0.840625 0.551562 0.840625 0.548437 0.842188 0.546875 0.835938 0.540625 0.835938 0.539062 0.834375 0.5375 0.834375 0.535937 0.83125 0.532812 0.83125 0.53125 0.829687 0.529688 0.829687 0.528125 0.828125 0.526563 0.826563 0.526563 0.825 0.525
0 0.420312 0.14375 0.41875 0.145313 0.41875 0.157813 0.420312 0.159375 0.420312 0.160938 0.421875 0.160938 0.425 0.164062 0.425 0.165625 0.426562 0.167187 0.426562 0.16875 0.43125 0.173438 0.43125 0.175 0.434375 0.178125 0.435937 0.176563 0.439063 0.176563 0.439063 0.175 0.440625 0.173438 0.440625 0.170312 0.439063 0.16875 0.439063 0.167187 0.4375 0.165625 0.4375 0.164062 0.435937 0.1625 0.435937 0.160938 0.434375 0.159375 0.434375 0.157813 0.43125 0.154687 0.43125 0.153125 0.429688 0.151562 0.429688 0.148438 0.428125 0.146875 0.428125 0.145313 0.425 0.145313 0.423438 0.14375
0 0.751562 0.40625 0.75 0.407813 0.75 0.420312 0.751562 0.421875 0.751562 0.423438 0.764063 0.435937 0.764063 0.4375 0.767187 0.440625 0.76875 0.440625 0.770312 0.442187 0.771875 0.442187 0.773438 0.440625 0.775 0.440625 0.776563 0.439063 0.773438 0.435937 0.773438 0.434375 0.771875 0.432813 0.771875 0.43125 0.770312 0.429688 0.770312 0.428125 0.765625 0.423438 0.765625 0.421875 0.7625 0.41875 0.7625 0.417188 0.759375 0.414062 0.759375 0.4125 0.757812 0.410937 0.757812 0.409375 0.75625 0.407813 0.754687 0.407813 0.753125 0.40625
0 0.626562 0.15 0.625 0.151562 0.625 0.1625 0.626562 0.164062 0.626562 0.165625 0.629687 0.16875 0.629687 0.170312 0.63125 0.171875 0.63125 0.173438 0.635938 0.178125 0.642187 0.178125 0.642187 0.16875 0.640625 0.167187 0.640625 0.165625 0.6375 0.1625 0.6375 0.160938 0.635938 0.159375 0.635938 0.15625 0.634375 0.154687 0.634375 0.153125 0.632812 0.151562 0.63125 0.151562 0.629687 0.15
0 0.639063 0.65 0.6375 0.651563 0.6375 0.665625 0.642187 0.670313 0.642187 0.671875 0.64375 0.673437 0.64375 0.675 0.648438 0.679688 0.654688 0.679688 0.659375 0.675 0.659375 0.670313 0.65625 0.667188 0.65625 0.665625 0.654688 0.664062 0.654688 0.6625 0.65 0.657812 0.65 0.65625 0.648438 0.654688 0.648438 0.653125 0.645312 0.65
0 0.770312 0.075 0.76875 0.0765625 0.76875 0.084375 0.770312 0.0859375 0.770312 0.0875 0.771875 0.0875 0.776563 0.0921875 0.779688 0.0921875 0.784375 0.096875 0.785937 0.096875 0.7875 0.0984375 0.789062 0.0984375 0.790625 0.1 0.792188 0.1 0.795313 0.103125 0.8 0.103125 0.801562 0.101562 0.801562 0.1 0.8 0.0984375 0.8 0.096875 0.798437 0.0953125 0.796875 0.0953125 0.792188 0.090625 0.790625 0.090625 0.776563 0.0765625 0.775 0.0765625 0.773438 0.075
0 0.814062 0.06875 0.8125 0.0703125 0.8125 0.078125 0.81875 0.084375 0.81875 0.0859375 0.820312 0.0859375 0.825 0.090625 0.825 0.0921875 0.826563 0.0921875 0.83125 0.096875 0.83125 0.0984375 0.832812 0.1 0.834375 0.1 0.835938 0.101562 0.835938 0.103125 0.84375 0.110937 0.845312 0.110937 0.846875 0.1125 0.85 0.1125 0.851562 0.114063 0.851562 0.1125 0.853125 0.110937 0.853125 0.109375 0.848437 0.104687 0.848437 0.103125 0.835938 0.090625 0.835938 0.0890625 0.834375 0.0875 0.832812 0.0875 0.829687 0.084375 0.829687 0.0828125 0.815625 0.06875
0 0.828125 0.2625 0.825 0.265625 0.825 0.271875 0.826563 0.273438 0.826563 0.276563 0.828125 0.278125 0.828125 0.279687 0.83125 0.282813 0.83125 0.284375 0.835938 0.289062 0.835938 0.292188 0.8375 0.29375 0.8375 0.295312 0.839063 0.296875 0.846875 0.296875 0.848437 0.295312 0.848437 0.289062 0.846875 0.2875 0.846875 0.285937 0.845312 0.284375 0.845312 0.282813 0.84375 0.28125 0.84375 0.279687 0.842188 0.278125 0.842188 0.275 0.840625 0.273438 0.840625 0.270312 0.839063 0.26875 0.839063 0.267188 0.8375 0.265625 0.8375 0.264062 0.835938 0.264062 0.834375 0.2625
0 0.564062 0.2875 0.5625 0.289062 0.5625 0.301562 0.564062 0.303125 0.564062 0.304688 0.567187 0.307813 0.567187 0.309375 0.570312 0.3125 0.570312 0.314063 0.573438 0.317187 0.575 0.317187 0.576563 0.31875 0.578125 0.31875 0.579687 0.317187 0.58125 0.317187 0.582812 0.315625 0.582812 0.3125 0.58125 0.310937 0.58125 0.309375 0.579687 0.307813 0.579687 0.30625 0.575 0.301562 0.575 0.3 0.573438 0.298438 0.573438 0.295312 0.571875 0.29375 0.571875 0.292188 0.570312 0.290625 0.570312 0.289062 0.56875 0.289062 0.567187 0.2875
0 0.601562 0.15 0.6 0.151562 0.6 0.15625 0.601562 0.157813 0.601562 0.159375 0.604688 0.1625 0.604688 0.164062 0.607813 0.167187 0.607813 0.16875 0.609375 0.170312 0.610937 0.170312 0.6125 0.171875 0.620313 0.171875 0.620313 0.170312 0.621875 0.16875 0.621875 0.164062 0.617188 0.159375 0.617188 0.157813 0.609375 0.15
0 0.945312 0.28125 0.94375 0.282813 0.94375 0.290625 0.945312 0.292188 0.945312 0.29375 0.95 0.298438 0.95 0.3 0.954687 0.304688 0.959375 0.304688 0.960938 0.303125 0.960938 0.292188 0.959375 0.290625 0.959375 0.289062 0.954687 0.284375 0.954687 0.282813 0.953125 0.28125
0 0.945312 0.8875 0.94375 0.889063 0.94375 0.896875 0.960938 0.914062 0.960938 0.915625 0.964063 0.91875 0.96875 0.91875 0.970312 0.920313 0.973437 0.917188 0.973437 0.914062 0.970312 0.910937 0.970312 0.909375 0.967188 0.90625 0.967188 0.904688 0.960938 0.898438 0.960938 0.896875 0.95625 0.892187 0.95625 0.890625 0.953125 0.8875
0 0.93125 0 0.93125 0.003125 0.932813 0.0046875 0.932813 0.00625 0.9375 0.0109375 0.939062 0.0109375 0.940625 0.0125 0.946875 0.0125 0.95 0.009375 0.951563 0.009375 0.951563 0.00625 0.95 0.0046875 0.95 0
0 0.534375 0.91875 0.53125 0.921875 0.53125 0.926562 0.532812 0.928125 0.532812 0.93125 0.54375 0.942187 0.54375 0.94375 0.546875 0.946875 0.546875 0.95 0.548437 0.951563 0.548437 0.953125 0.55 0.954687 0.55 0.95625 0.551562 0.957812 0.551562 0.959375 0.553125 0.960938 0.559375 0.960938 0.560938 0.959375 0.5625 0.959375 0.5625 0.953125 0.554688 0.945312 0.554688 0.94375 0.548437 0.9375 0.548437 0.935938 0.546875 0.934375 0.546875 0.932813 0.54375 0.929688 0.54375 0.928125 0.542188 0.926562 0.542188 0.925 0.540625 0.923437 0.540625 0.921875 0.539062 0.920313 0.5375 0.920313 0.535937 0.91875
0 0.795313 0.26875 0.79375 0.270312 0.79375 0.2875 0.795313 0.289062 0.795313 0.292188 0.8 0.296875 0.8 0.298438 0.801562 0.3 0.809375 0.3 0.8125 0.296875 0.814062 0.296875 0.814062 0.290625 0.8125 0.289062 0.8125 0.2875 0.810938 0.285937 0.810938 0.282813 0.809375 0.28125 0.809375 0.279687 0.80625 0.276563 0.80625 0.273438 0.804688 0.271875 0.804688 0.270312 0.803125 0.26875
0 0.0640625 0.94375 0.0625 0.945312 0.0625 0.954687 0.0640625 0.95625 0.0640625 0.957812 0.0671875 0.960938 0.0671875 0.9625 0.06875 0.964063 0.06875 0.967188 0.0703125 0.96875 0.0703125 0.970312 0.071875 0.971875 0.075 0.971875 0.0765625 0.973437 0.078125 0.973437 0.0796875 0.971875 0.08125 0.971875 0.08125 0.96875 0.0828125 0.967188 0.0828125 0.965625 0.08125 0.964063 0.08125 0.959375 0.0796875 0.957812 0.0796875 0.953125 0.078125 0.951563 0.078125 0.95 0.075 0.946875 0.075 0.945312 0.0734375 0.945312 0.071875 0.94375
0 0.0828125 0.0125 0.08125 0.0140625 0.08125 0.021875 0.0828125 0.0234375 0.0828125 0.0265625 0.084375 0.028125 0.084375 0.0296875 0.0875 0.0328125 0.0875 0.034375 0.0890625 0.0359375 0.0890625 0.0375 0.0921875 0.040625 0.0921875 0.0421875 0.09375 0.04375 0.09375 0.0453125 0.096875 0.0453125 0.096875 0.0359375 0.0953125 0.034375 0.0953125 0.0328125 0.09375 0.03125 0.09375 0.0296875 0.0921875 0.028125 0.0921875 0.01875 0.090625 0.0171875 0.090625 0.0140625 0.0875 0.0140625 0.0859375 0.0125
0 0.370313 0.3875 0.36875 0.389062 0.36875 0.396875 0.370313 0.398438 0.370313 0.4 0.38125 0.410937 0.38125 0.4125 0.385938 0.417188 0.3875 0.417188 0.389062 0.41875 0.392188 0.41875 0.39375 0.417188 0.395312 0.417188 0.396875 0.415625 0.396875 0.409375 0.392188 0.404687 0.392188 0.403125 0.385938 0.396875 0.385938 0.395312 0.384375 0.39375 0.384375 0.392188 0.38125 0.389062 0.379687 0.389062 0.378125 0.3875
0 0.0953125 0.13125 0.09375 0.132812 0.09375 0.140625 0.101562 0.148438 0.103125 0.148438 0.107813 0.153125 0.109375 0.153125 0.1125 0.15625 0.114063 0.15625 0.117188 0.159375 0.11875 0.159375 0.121875 0.1625 0.125 0.159375 0.123438 0.157813 0.123438 0.15625 0.11875 0.151562 0.11875 0.15 0.117188 0.148438 0.117188 0.146875 0.110937 0.140625 0.110937 0.139062 0.107813 0.135937 0.10625 0.135937 0.103125 0.132812 0.1 0.132812 0.0984375 0.13125
0 0.009375 0.75625 0.00625 0.759375 0.00625 0.773438 0.0078125 0.775 0.0078125 0.779688 0.0109375 0.782812 0.0109375 0.784375 0.0140625 0.7875 0.015625 0.7875 0.0171875 0.785937 0.01875 0.785937 0.0203125 0.784375 0.021875 0.784375 0.021875 0.78125 0.0203125 0.779688 0.0203125 0.776563 0.01875 0.775 0.01875 0.773438 0.0171875 0.771875 0.0171875 0.76875 0.015625 0.767187 0.015625 0.764063 0.0140625 0.7625 0.0140625 0.760938
0 0.765625 0.7125 0.7625 0.715625 0.7625 0.717188 0.764063 0.71875 0.764063 0.725 0.767187 0.728125 0.76875 0.728125 0.773438 0.732813 0.773438 0.734375 0.778125 0.739062 0.78125 0.739062 0.782812 0.740625 0.7875 0.735937 0.7875 0.732813 0.785937 0.73125 0.785937 0.729688 0.779688 0.723437 0.779688 0.721875 0.773438 0.715625 0.773438 0.714063 0.771875 0.714063 0.770312 0.7125
0 0.914062 0.8875 0.9125 0.889063 0.9125 0.896875 0.914062 0.898438 0.914062 0.901563 0.915625 0.903125 0.917188 0.903125 0.91875 0.904688 0.920313 0.904688 0.926562 0.910937 0.928125 0.910937 0.935938 0.91875 0.9375 0.91875 0.939062 0.920313 0.939062 0.921875 0.940625 0.921875 0.942187 0.923437 0.94375 0.923437 0.945312 0.925 0.946875 0.925 0.948438 0.923437 0.951563 0.923437 0.953125 0.921875 0.953125 0.91875 0.95 0.915625 0.95 0.914062 0.948438 0.914062 0.946875 0.9125 0.945312 0.9125 0.942187 0.909375 0.942187 0.907812 0.940625 0.90625 0.939062 0.90625 0.935938 0.903125 0.935938 0.901563 0.934375 0.9 0.932813 0.9 0.928125 0.895312 0.928125 0.89375 0.926562 0.89375 0.920313 0.8875
0 0.257812 0.59375 0.25625 0.595312 0.25625 0.60625 0.257812 0.607813 0.257812 0.609375 0.2625 0.614062 0.2625 0.615625 0.265625 0.61875 0.271875 0.61875 0.276563 0.614062 0.275 0.6125 0.275 0.609375 0.273438 0.607813 0.273438 0.60625 0.270312 0.603125 0.270312 0.601562 0.26875 0.6 0.26875 0.598437 0.267188 0.596875 0.267188 0.595312 0.265625 0.59375
0 0.726562 0.40625 0.725 0.407813 0.725 0.420312 0.726562 0.421875 0.726562 0.423438 0.746875 0.44375 0.748438 0.442187 0.753125 0.442187 0.753125 0.435937 0.75 0.432813 0.75 0.43125 0.746875 0.428125 0.746875 0.426562 0.745313 0.426562 0.742188 0.423438 0.742188 0.421875 0.735937 0.415625 0.735937 0.414062 0.728125 0.40625
0 0.796875 0.95625 0.79375 0.959375 0.79375 0.965625 0.795313 0.967188 0.795313 0.970312 0.798437 0.973437 0.798437 0.975 0.801562 0.978125 0.801562 0.979688 0.80625 0.984375 0.80625 0.985937 0.807813 0.9875 0.809375 0.9875 0.810938 0.985937 0.814062 0.985937 0.815625 0.984375 0.815625 0.978125 0.8125 0.975 0.8125 0.973437 0.810938 0.971875 0.810938 0.970312 0.80625 0.965625 0.80625 0.964063 0.804688 0.9625 0.804688 0.959375 0.803125 0.957812 0.8 0.957812 0.798437 0.95625
0 0.889063 0.39375 0.8875 0.395312 0.8875 0.407813 0.889063 0.409375 0.889063 0.4125 0.892187 0.415625 0.892187 0.417188 0.89375 0.41875 0.89375 0.421875 0.895312 0.423438 0.895312 0.426562 0.898438 0.429688 0.898438 0.43125 0.901563 0.434375 0.90625 0.434375 0.910937 0.429688 0.910937 0.425 0.909375 0.423438 0.909375 0.420312 0.90625 0.417188 0.90625 0.415625 0.904688 0.414062 0.904688 0.409375 0.903125 0.407813 0.903125 0.40625 0.9 0.403125 0.9 0.4 0.898438 0.398438 0.898438 0.395312 0.896875 0.395312 0.895312 0.39375
0 0.696875 0.23125 0.69375 0.234375 0.69375 0.239063 0.695312 0.240625 0.695312 0.24375 0.696875 0.245312 0.698438 0.245312 0.701563 0.248437 0.703125 0.248437 0.710938 0.25625 0.7125 0.25625 0.714063 0.257812 0.717188 0.257812 0.71875 0.25625 0.720312 0.25625 0.721875 0.254687 0.721875 0.25 0.717188 0.245312 0.717188 0.24375 0.710938 0.2375 0.710938 0.234375 0.709375 0.232812 0.704687 0.232812 0.703125 0.23125
0 0.364062 0.4 0.3625 0.401563 0.3625 0.4125 0.364062 0.414062 0.364062 0.415625 0.36875 0.420312 0.36875 0.421875 0.370313 0.423438 0.370313 0.425 0.375 0.429688 0.375 0.43125 0.379687 0.435937 0.385938 0.435937 0.389062 0.432813 0.389062 0.429688 0.390625 0.428125 0.3875 0.425 0.3875 0.423438 0.379687 0.415625 0.379687 0.414062 0.375 0.409375 0.375 0.407813 0.373437 0.40625 0.373437 0.404687 0.370313 0.401563 0.36875 0.401563 0.367188 0.4
0 0.114063 0.13125 0.1125 0.132812 0.1125 0.140625 0.114063 0.142188 0.114063 0.14375 0.117188 0.146875 0.117188 0.148438 0.125 0.15625 0.125 0.157813 0.128125 0.160938 0.132812 0.160938 0.134375 0.159375 0.134375 0.157813 0.132812 0.15625 0.132812 0.154687 0.13125 0.153125 0.13125 0.15 0.129688 0.148438 0.129688 0.145313 0.128125 0.14375 0.128125 0.142188 0.126563 0.140625 0.126563 0.139062 0.125 0.1375 0.125 0.134375 0.121875 0.13125
0 0.270312 0.08125 0.26875 0.0828125 0.26875 0.090625 0.271875 0.09375 0.273438 0.09375 0.275 0.0953125 0.275 0.096875 0.276563 0.0984375 0.278125 0.0984375 0.282813 0.103125 0.282813 0.104687 0.284375 0.104687 0.289062 0.109375 0.289062 0.110937 0.290625 0.110937 0.292188 0.1125 0.296875 0.1125 0.3 0.109375 0.301562 0.109375 0.301562 0.107813 0.298438 0.104687 0.298438 0.103125 0.296875 0.101562 0.296875 0.1 0.29375 0.096875 0.29375 0.0953125 0.290625 0.0921875 0.290625 0.090625 0.285937 0.0859375 0.285937 0.084375 0.284375 0.084375 0.282813 0.0828125 0.279687 0.0828125 0.278125 0.08125
0 0.376563 0.8875 0.375 0.889063 0.375 0.9 0.376563 0.901563 0.376563 0.90625 0.378125 0.907812 0.379687 0.907812 0.38125 0.909375 0.384375 0.909375 0.385938 0.907812 0.385938 0.904688 0.3875 0.903125 0.3875 0.901563 0.385938 0.9 0.385938 0.895312 0.384375 0.89375 0.384375 0.892187 0.38125 0.889063 0.379687 0.889063 0.378125 0.8875
0 0.939062 0.75 0.9375 0.751562 0.9375 0.754687 0.939062 0.75625 0.939062 0.757812 0.942187 0.760938 0.94375 0.760938 0.945312 0.7625 0.946875 0.7625 0.951563 0.767187 0.953125 0.767187 0.959375 0.773438 0.9625 0.773438 0.965625 0.776563 0.967188 0.776563 0.96875 0.778125 0.976562 0.778125 0.976562 0.771875 0.975 0.771875 0.971875 0.76875 0.970312 0.76875 0.953125 0.751562 0.948438 0.751562 0.946875 0.75
0 0.307813 0.475 0.30625 0.476562 0.30625 0.485938 0.307813 0.4875 0.307813 0.489062 0.31875 0.5 0.31875 0.501562 0.321875 0.504687 0.323438 0.504687 0.325 0.50625 0.329688 0.50625 0.33125 0.504687 0.33125 0.5 0.329688 0.498437 0.329688 0.496875 0.323438 0.490625 0.323438 0.489062 0.317187 0.482812 0.317187 0.48125 0.3125 0.476562 0.310937 0.476562 0.309375 0.475
0 0.978125 0.425 0.975 0.428125 0.975 0.434375 0.976562 0.435937 0.976562 0.440625 0.978125 0.442187 0.979688 0.442187 0.990625 0.453125 0.992188 0.453125 0.99375 0.454688 0.998438 0.454688 0.998438 0.439063 0.995313 0.439063 0.990625 0.434375 0.990625 0.432813 0.989062 0.43125 0.9875 0.43125 0.985937 0.429688 0.985937 0.428125 0.984375 0.426562 0.979688 0.426562
0 0.520312 0.91875 0.51875 0.920313 0.51875 0.932813 0.523438 0.9375 0.525 0.9375 0.526563 0.939062 0.526563 0.940625 0.528125 0.940625 0.529688 0.942187 0.53125 0.942187 0.5375 0.948438 0.539062 0.948438 0.540625 0.95 0.54375 0.95 0.545313 0.948438 0.546875 0.948438 0.546875 0.945312 0.542188 0.940625 0.542188 0.939062 0.540625 0.939062 0.5375 0.935938 0.5375 0.934375 0.53125 0.928125 0.53125 0.926562 0.528125 0.923437 0.528125 0.921875 0.526563 0.921875 0.525 0.920313 0.523438 0.920313 0.521875 0.91875
0 0.832812 0.525 0.83125 0.526563 0.83125 0.529688 0.832812 0.53125 0.832812 0.535937 0.839063 0.542188 0.839063 0.54375 0.840625 0.545313 0.842188 0.545313 0.845312 0.548437 0.846875 0.546875 0.848437 0.546875 0.848437 0.54375 0.85 0.542188 0.85 0.540625 0.848437 0.539062 0.848437 0.5375 0.846875 0.535937 0.846875 0.534375 0.84375 0.53125 0.84375 0.529688 0.842188 0.528125 0.842188 0.526563 0.840625 0.526563 0.839063 0.525
0 0.182812 0.83125 0.18125 0.832812 0.18125 0.840625 0.182812 0.842188 0.182812 0.84375 0.192188 0.853125 0.19375 0.853125 0.195312 0.854688 0.198437 0.854688 0.2 0.853125 0.2 0.848437 0.198437 0.846875 0.198437 0.845312 0.192188 0.839063 0.192188 0.8375 0.190625 0.835938 0.190625 0.834375 0.189063 0.832812 0.1875 0.832812 0.185937 0.83125
0 0.232812 0.15625 0.23125 0.157813 0.23125 0.16875 0.232812 0.170312 0.232812 0.171875 0.248437 0.1875 0.25 0.1875 0.251563 0.189063 0.253125 0.189063 0.257812 0.184375 0.257812 0.182812 0.254687 0.179688 0.254687 0.178125 0.25 0.173438 0.25 0.171875 0.248437 0.170312 0.248437 0.16875 0.24375 0.164062 0.24375 0.1625 0.242188 0.160938 0.242188 0.159375 0.240625 0.157813 0.239063 0.157813 0.2375 0.15625
0 0.407813 0.00625 0.40625 0.0078125 0.40625 0.009375 0.407813 0.0109375 0.407813 0.0125 0.409375 0.0140625 0.415625 0.0140625 0.41875 0.0109375 0.41875 0.0078125 0.417188 0.0078125 0.415625 0.00625
0 0.415625 0.55625 0.4125 0.559375 0.4125 0.570312 0.414062 0.571875 0.414062 0.573438 0.417188 0.576563 0.41875 0.576563 0.421875 0.579687 0.423438 0.579687 0.426562 0.582812 0.426562 0.584375 0.428125 0.584375 0.44375 0.6 0.44375 0.601562 0.445312 0.603125 0.445312 0.604688 0.446875 0.604688 0.448438 0.60625 0.448438 0.607813 0.454688 0.614062 0.454688 0.615625 0.457812 0.61875 0.457812 0.620313 0.459375 0.621875 0.460938 0.621875 0.4625 0.623438 0.465625 0.623438 0.46875 0.620313 0.46875 0.615625 0.467187 0.614062 0.467187 0.6125 0.465625 0.610937 0.465625 0.609375 0.460938 0.604688 0.460938 0.603125 0.454688 0.596875 0.454688 0.595312 0.448438 0.589063 0.448438 0.5875 0.440625 0.579687 0.440625 0.578125 0.435937 0.573438 0.435937 0.571875 0.432813 0.56875 0.43125 0.56875 0.420312 0.557813 0.417188 0.557813
0 0.357812 0.8875 0.35625 0.889063 0.35625 0.896875 0.3625 0.903125 0.3625 0.904688 0.36875 0.910937 0.36875 0.9125 0.371875 0.915625 0.376563 0.915625 0.378125 0.914062 0.376563 0.9125 0.376563 0.910937 0.375 0.909375 0.375 0.90625 0.373437 0.904688 0.373437 0.901563 0.371875 0.9 0.371875 0.898438 0.370313 0.896875 0.370313 0.895312 0.36875 0.89375 0.36875 0.890625 0.365625 0.8875
0 0.0890625 0.95 0.0875 0.951563 0.0875 0.984375 0.0890625 0.985937 0.0890625 0.989062 0.090625 0.990625 0.090625 0.992188 0.0921875 0.99375 0.0921875 0.995313 0.09375 0.996875 0.09375 0.998438 0.101562 0.998438 0.101562 0.9875 0.1 0.985937 0.1 0.978125 0.0984375 0.976562 0.0984375 0.951563 0.096875 0.95
0 0.0640625 0.0125 0.0625 0.0140625 0.0625 0.021875 0.0640625 0.0234375 0.0640625 0.025 0.065625 0.025 0.0703125 0.0296875 0.071875 0.0296875 0.075 0.0328125 0.075 0.034375 0.0765625 0.0359375 0.078125 0.0359375 0.0828125 0.040625 0.0828125 0.0421875 0.0875 0.0421875 0.0890625 0.04375 0.0890625 0.0453125 0.090625 0.0453125 0.090625 0.04375 0.0890625 0.0421875 0.0890625 0.0390625 0.0875 0.0375 0.0875 0.0359375 0.0859375 0.034375 0.0859375 0.0328125 0.08125 0.028125 0.08125 0.0265625 0.0796875 0.025 0.0796875 0.0234375 0.078125 0.021875 0.078125 0.0203125 0.0765625 0.0203125 0.0734375 0.0171875 0.0734375 0.015625 0.071875 0.0140625 0.0703125 0.0140625 0.06875 0.0125
0 0.676562 0.65625 0.675 0.657812 0.675 0.671875 0.678125 0.675 0.679688 0.675 0.68125 0.673437 0.684375 0.673437 0.6875 0.670313 0.6875 0.665625 0.685938 0.664062 0.685938 0.659375 0.684375 0.657812 0.682813 0.657812 0.68125 0.65625
0 0.614062 0.8125 0.6125 0.814062 0.6125 0.826563 0.614062 0.828125 0.614062 0.83125 0.61875 0.835938 0.61875 0.8375 0.620313 0.839063 0.621875 0.839063 0.623438 0.8375 0.626562 0.8375 0.63125 0.832812 0.63125 0.826563 0.629687 0.825 0.629687 0.821875 0.628125 0.820312 0.628125 0.81875 0.621875 0.8125
0 0.295312 0.7125 0.29375 0.714063 0.29375 0.726562 0.3 0.732813 0.3 0.734375 0.303125 0.7375 0.30625 0.7375 0.307813 0.739062 0.309375 0.739062 0.3125 0.735937 0.314063 0.735937 0.315625 0.734375 0.315625 0.73125 0.314063 0.729688 0.314063 0.728125 0.3125 0.726562 0.3125 0.725 0.310937 0.723437 0.310937 0.721875 0.309375 0.720312 0.309375 0.71875 0.30625 0.715625 0.30625 0.714063 0.304688 0.714063 0.303125 0.7125
0 0.695312 0.65 0.69375 0.651563 0.69375 0.671875 0.695312 0.673437 0.695312 0.676562 0.698438 0.676562 0.7 0.675 0.703125 0.675 0.703125 0.673437 0.704687 0.671875 0.704687 0.659375 0.703125 0.657812 0.703125 0.654688 0.701563 0.653125 0.701563 0.651563 0.7 0.651563 0.698438 0.65
0 0.770312 0.9625 0.76875 0.964063 0.76875 0.975 0.770312 0.976562 0.770312 0.979688 0.775 0.984375 0.775 0.985937 0.776563 0.9875 0.776563 0.989062 0.778125 0.990625 0.78125 0.990625 0.782812 0.992188 0.784375 0.992188 0.785937 0.990625 0.7875 0.990625 0.7875 0.989062 0.789062 0.9875 0.789062 0.982813 0.785937 0.979688 0.785937 0.978125 0.784375 0.976562 0.784375 0.975 0.782812 0.973437 0.782812 0.971875 0.78125 0.970312 0.78125 0.96875 0.779688 0.967188 0.779688 0.965625 0.778125 0.964063 0.776563 0.964063 0.775 0.9625
0 0.107813 0.6875 0.10625 0.689062 0.10625 0.695312 0.1125 0.701563 0.1125 0.703125 0.121875 0.7125 0.123438 0.7125 0.125 0.714063 0.128125 0.714063 0.128125 0.70625 0.125 0.703125 0.125 0.701563 0.123438 0.7 0.123438 0.698438 0.117188 0.692187 0.117188 0.690625 0.115625 0.689062 0.114063 0.689062 0.1125 0.6875
0 0.309375 0.29375 0.30625 0.296875 0.30625 0.301562 0.307813 0.303125 0.307813 0.309375 0.309375 0.310937 0.309375 0.3125 0.310937 0.314063 0.310937 0.315625 0.3125 0.317187 0.3125 0.320312 0.315625 0.323438 0.321875 0.323438 0.323438 0.321875 0.325 0.321875 0.325 0.315625 0.323438 0.314063 0.323438 0.309375 0.321875 0.307813 0.321875 0.303125 0.320312 0.301562 0.320312 0.295312 0.317187 0.295312 0.315625 0.29375
0 0.620313 0.98125 0.61875 0.982813 0.61875 0.99375 0.620313 0.995313 0.620313 0.998438 0.639063 0.998438 0.639063 0.996875 0.635938 0.99375 0.635938 0.992188 0.634375 0.990625 0.634375 0.989062 0.632812 0.9875 0.632812 0.984375 0.63125 0.982813 0.628125 0.982813 0.626562 0.98125
0 0.789062 0.959375 0.789062 0.960938 0.7875 0.9625 0.7875 0.964063 0.784375 0.967188 0.784375 0.96875 0.782812 0.970312 0.782812 0.971875 0.784375 0.973437 0.784375 0.976562 0.792188 0.984375 0.792188 0.985937 0.79375 0.9875 0.79375 0.990625 0.798437 0.995313 0.798437 0.998438 0.80625 0.998438 0.80625 0.99375 0.804688 0.992188 0.804688 0.9875 0.801562 0.984375 0.801562 0.982813 0.8 0.98125 0.8 0.979688 0.798437 0.978125 0.798437 0.976562 0.796875 0.975 0.796875 0.971875 0.795313 0.970312 0.795313 0.9625 0.796875 0.960938 0.796875 0.959375
0 0.976562 0.9875 0.975 0.989062 0.975 0.998438 0.990625 0.998438 0.990625 0.99375 0.989062 0.992188 0.989062 0.990625 0.9875 0.989062 0.984375 0.989062 0.982813 0.9875
0 0.782812 0.0765625 0.782812 0.0859375 0.784375 0.0875 0.784375 0.0890625 0.785937 0.0890625 0.795313 0.0984375 0.798437 0.0984375 0.8 0.096875 0.8 0.0953125 0.798437 0.09375 0.798437 0.0921875 0.796875 0.090625 0.796875 0.0890625 0.795313 0.0875 0.795313 0.0859375 0.792188 0.0828125 0.792188 0.078125 0.790625 0.0765625
0 0.614062 0.98125 0.6125 0.982813 0.6125 0.989062 0.614062 0.990625 0.614062 0.992188 0.615625 0.992188 0.61875 0.995313 0.61875 0.998438 0.632812 0.998438 0.632812 0.995313 0.63125 0.99375 0.63125 0.9875 0.629687 0.985937 0.629687 0.984375 0.628125 0.982813 0.626562 0.982813 0.625 0.98125
0 0.789062 0.964063 0.789062 0.979688 0.790625 0.98125 0.790625 0.982813 0.792188 0.984375 0.792188 0.985937 0.79375 0.9875 0.79375 0.992188 0.795313 0.99375 0.795313 0.995313 0.796875 0.996875 0.796875 0.998438 0.807813 0.998438 0.807813 0.995313 0.80625 0.99375 0.80625 0.990625 0.804688 0.989062 0.804688 0.985937 0.803125 0.984375 0.803125 0.982813 0.798437 0.978125 0.798437 0.975 0.796875 0.973437 0.796875 0.971875 0.79375 0.96875 0.79375 0.967188 0.790625 0.964063
0 0.751562 0.7125 0.75 0.714063 0.75 0.720312 0.759375 0.729688 0.7625 0.729688 0.764063 0.73125 0.76875 0.73125 0.770312 0.729688 0.770312 0.726562 0.76875 0.725 0.76875 0.723437 0.767187 0.721875 0.767187 0.720312 0.765625 0.71875 0.765625 0.717188 0.7625 0.714063 0.760938 0.714063 0.759375 0.7125
0 0.107813 0.80625 0.10625 0.807813 0.10625 0.815625 0.107813 0.817187 0.107813 0.820312 0.1125 0.825 0.11875 0.825 0.120312 0.823438 0.121875 0.823438 0.123438 0.821875 0.123438 0.815625 0.121875 0.814062 0.121875 0.8125 0.115625 0.80625
0 0.221875 0.15 0.21875 0.153125 0.21875 0.160938 0.220313 0.1625 0.220313 0.164062 0.223438 0.167187 0.225 0.167187 0.229687 0.171875 0.23125 0.171875 0.234375 0.175 0.235938 0.175 0.2375 0.176563 0.2375 0.178125 0.240625 0.18125 0.242188 0.18125 0.24375 0.182812 0.24375 0.184375 0.246875 0.1875 0.248437 0.1875 0.25 0.189063 0.253125 0.189063 0.257812 0.184375 0.257812 0.182812 0.254687 0.179688 0.254687 0.178125 0.25 0.173438 0.25 0.171875 0.248437 0.170312 0.248437 0.16875 0.242188 0.1625 0.242188 0.159375 0.240625 0.157813 0.240625 0.15625 0.235938 0.151562 0.234375 0.151562 0.232812 0.15
0 0.907812 0.8875 0.90625 0.889063 0.90625 0.895312 0.907812 0.896875 0.907812 0.898438 0.909375 0.898438 0.915625 0.904688 0.91875 0.904688 0.920313 0.90625 0.921875 0.90625 0.932813 0.917188 0.934375 0.917188 0.940625 0.923437 0.942187 0.923437 0.94375 0.925 0.948438 0.925 0.95 0.923437 0.951563 0.923437 0.953125 0.921875 0.953125 0.91875 0.951563 0.917188 0.951563 0.915625 0.95 0.914062 0.948438 0.914062 0.946875 0.9125 0.945312 0.9125 0.942187 0.909375 0.942187 0.907812 0.940625 0.907812 0.921875 0.889063 0.91875 0.889063 0.917188 0.8875
0 0.301562 0.29375 0.3 0.295312 0.3 0.314063 0.301562 0.315625 0.301562 0.317187 0.303125 0.31875 0.304688 0.31875 0.307813 0.321875 0.309375 0.321875 0.310937 0.320312 0.3125 0.320312 0.3125 0.309375 0.310937 0.307813 0.310937 0.3 0.3125 0.298438 0.3125 0.296875 0.310937 0.295312 0.30625 0.295312 0.304688 0.29375
0 0.0265625 0.75625 0.025 0.757812 0.025 0.776563 0.028125 0.779688 0.0296875 0.779688 0.03125 0.778125 0.034375 0.778125 0.034375 0.776563 0.0359375 0.775 0.0359375 0.765625 0.0375 0.764063 0.0375 0.759375 0.034375 0.75625
